4 0.395000 0.474695 0.140000 0.105904
4 0.485625 0.507498 0.093750 0.090909
4 0.275625 0.485473 0.118750 0.095595
4 0.178125 0.523430 0.128750 0.059044
4 0.101875 0.569353 0.163750 0.102156
4 0.311875 0.580600 0.143750 0.094658
4 0.413125 0.558575 0.111250 0.063730
4 0.548750 0.573571 0.122500 0.095595
4 0.446875 0.641050 0.148750 0.118088
4 0.581250 0.675258 0.132500 0.104030
4 0.270000 0.679475 0.172500 0.123711
4 0.465000 0.755389 0.172500 0.123711
4 0.296875 0.785848 0.163750 0.117151
4 0.170625 0.742268 0.178750 0.144330
4 0.109375 0.679944 0.158750 0.109653