4 0.14624999463558197 0.3543754518032074 0.2849999964237213 0.28999969363212585
4 0.4325000047683716 0.27687564492225647 0.2849999964237213 0.2775003910064697
4 0.7099999785423279 0.20249995589256287 0.2849999964237213 0.2587500810623169
4 0.22312499582767487 0.6543756127357483 0.2887499928474426 0.2874995470046997
4 0.5162500143051147 0.5531253218650818 0.2849999964237213 0.27500027418136597
4 0.8125 0.46562495827674866 0.29249998927116394 0.2775003910064697
4 0.3006249964237213 0.8990623354911804 0.29624998569488525 0.2018752247095108
4 0.5993750095367432 0.839375376701355 0.2887499928474426 0.28499940037727356
4 0.8712499737739563 0.7456255555152893 0.2574999928474426 0.259999543428421
4 0.8256250023841858 0.9246873259544373 0.3462499976158142 0.15062537789344788
