6 0.1703125 0.3984375 0.121875 0.140625
7 0.203125 0.546875 0.125 0.1671875
7 0.3109375 0.328125 0.121875 0.1359375
7 0.4390625 0.25 0.1140625 0.15625
7 0.4375 0.40859375 0.0859375 0.1203125
7 0.3671875 0.51796875 0.171875 0.25625
7 0.36875 0.73671875 0.1375 0.171875
6 0.55859375 0.2734375 0.109375 0.1515625
6 0.57421875 0.40625 0.1171875 0.146875
6 0.62890625 0.51015625 0.1171875 0.15625
6 0.5234375 0.58828125 0.140625 0.1875
6 0.67578125 0.73984375 0.171875 0.1984375
6 0.8140625 0.6328125 0.153125 0.203125
6 0.740625 0.45078125 0.121875 0.1515625
6 0.921875 0.54453125 0.1328125 0.1515625