6 0.553125 0.5234375 0.23125 0.265625
6 0.75390625 0.45859375 0.1953125 0.259375
6 0.9 0.41640625 0.153125 0.1875
6 0.665625 0.34921875 0.1296875 0.165625
6 0.5234375 0.3515625 0.140625 0.1515625
6 0.4765625 0.30703125 0.0859375 0.071875
6 0.4859375 0.25 0.10625 0.1046875
6 0.38125 0.39296875 0.16875 0.2453125
7 0.12890625 0.49453125 0.1953125 0.2296875
7 0.2109375 0.34609375 0.1875 0.19375
7 0.21875 0.24765625 0.1328125 0.078125
7 0.3140625 0.30703125 0.0671875 0.0625
7 0.36875 0.2265625 0.1140625 0.109375
6 0.05859375 0.29453125 0.1171875 0.13125
7 0.0546875 0.37734375 0.109375 0.171875