6 0.13125 0.56796875 0.1375 0.1671875
6 0.23828125 0.4296875 0.1484375 0.203125
6 0.34375 0.58046875 0.1328125 0.1828125
6 0.3453125 0.28671875 0.1453125 0.178125
6 0.4453125 0.44296875 0.125 0.15625
6 0.53515625 0.54453125 0.125 0.1625
6 0.61875 0.6953125 0.1375 0.1828125
7 0.7734375 0.64296875 0.1484375 0.171875
7 0.68125 0.4765625 0.1140625 0.13125
7 0.84765625 0.47109375 0.140625 0.171875
6 0.92578125 0.3359375 0.125 0.1515625
7 0.8046875 0.23984375 0.125 0.146875
7 0.6875 0.3125 0.1875 0.21875
7 0.59375 0.171875 0.1171875 0.15625
6 0.5171875 0.32265625 0.1375 0.209375