7 0.65234375 0.3671875 0.1015625 0.13125
7 0.5953125 0.29453125 0.0984375 0.11875
7 0.5296875 0.39296875 0.1140625 0.1515625
7 0.4203125 0.3515625 0.0828125 0.1
7 0.4046875 0.43203125 0.1140625 0.1359375
7 0.47265625 0.29140625 0.1328125 0.146875
7 0.46875 0.203125 0.0859375 0.115625
6 0.290625 0.41640625 0.1140625 0.115625
6 0.2796875 0.2578125 0.0984375 0.109375
6 0.36328125 0.23203125 0.1015625 0.1515625
6 0.303125 0.328125 0.0984375 0.1046875
6 0.6 0.52578125 0.1375 0.1875
6 0.75390625 0.52109375 0.1171875 0.1359375
6 0.72265625 0.27109375 0.1015625 0.146875
6 0.5953125 0.19765625 0.075 0.1046875