6 0.32421875 0.59140625 0.1484375 0.19375
6 0.4515625 0.796875 0.1296875 0.1671875
6 0.8265625 0.625 0.1609375 0.1984375
6 0.8203125 0.3984375 0.1171875 0.140625
6 0.5921875 0.578125 0.1140625 0.15625
6 0.55859375 0.1875 0.1171875 0.15625
6 0.48046875 0.14609375 0.0859375 0.115625
6 0.43125 0.21875 0.090625 0.125
6 0.34375 0.2578125 0.1015625 0.1203125
6 0.6875 0.26796875 0.1015625 0.140625
7 0.359375 0.36484375 0.1015625 0.146875
7 0.47265625 0.45078125 0.109375 0.1515625
7 0.475 0.33359375 0.0828125 0.115625
7 0.5765625 0.3359375 0.1453125 0.171875
7 0.6625 0.46328125 0.1140625 0.1453125