4 0.47600001096725464 0.20100000500679016 0.25200000405311584 0.18199999630451202
4 0.29600000381469727 0.3720000088214874 0.164000004529953 0.23600000143051147
4 0.4610000252723694 0.3779999911785126 0.27799999713897705 0.2160000056028366
4 0.39800000190734863 0.5839999914169312 0.2280000001192093 0.20800000429153442
4 0.23799997568130493 0.5960000157356262 0.18000000715255737 0.24400000274181366
4 0.4269999861717224 0.7429999709129333 0.25 0.1979999989271164
4 0.6690000295639038 0.7009999752044678 0.23000000417232513 0.17800000309944153
4 0.6540000438690186 0.5009999871253967 0.2240000069141388 0.27000001072883606
4 0.675000011920929 0.31200000643730164 0.22200000286102295 0.17599999904632568
4 0.8040000200271606 0.4959999918937683 0.1720000058412552 0.2680000066757202
