4 0.8537499904632568 0.3910199999809265 0.2849999964237213 0.2170249968767166
4 0.5674999952316284 0.33302199840545654 0.2849999964237213 0.20767100155353546
4 0.2900000214576721 0.27736198902130127 0.2849999964237213 0.19363899528980255
4 0.7768750190734863 0.6155290007591248 0.2887499928474426 0.2151540070772171
4 0.48374998569488525 0.5397570133209229 0.2849999964237213 0.20579999685287476
4 0.1875 0.47427499294281006 0.29249998927116394 0.20767100155353546
4 0.6993750333786011 0.8297470211982727 0.29624998569488525 0.2132830023765564
4 0.40062499046325684 0.7539759874343872 0.2887499928474426 0.2132830023765564
4 0.1287500262260437 0.6838170289993286 0.2574999928474426 0.1945739984512329
4 0.1743749976158142 0.8765199780464172 0.3462499976158142 0.23012199997901917
