4 0.14624999463558197 0.6089800000190735 0.2849999964237213 0.2170249968767166
4 0.4325000047683716 0.6669780015945435 0.2849999964237213 0.20767100155353546
4 0.7099999785423279 0.7226380109786987 0.2849999964237213 0.19363899528980255
4 0.22312499582767487 0.38447099924087524 0.2887499928474426 0.2151540070772171
4 0.5162500143051147 0.46024298667907715 0.2849999964237213 0.20579999685287476
4 0.8125 0.5257250070571899 0.29249998927116394 0.20767100155353546
4 0.3006249964237213 0.1702529788017273 0.29624998569488525 0.2132830023765564
4 0.5993750095367432 0.2460240125656128 0.2887499928474426 0.2132830023765564
4 0.8712499737739563 0.3161829710006714 0.2574999928474426 0.1945739984512329
4 0.8256250023841858 0.12348002195358276 0.3462499976158142 0.23012199997901917
