4 0.14624999463558197 0.3910199999809265 0.2849999964237213 0.2170249968767166
4 0.4325000047683716 0.33302199840545654 0.2849999964237213 0.20767100155353546
4 0.7099999785423279 0.27736198902130127 0.2849999964237213 0.19363899528980255
4 0.22312499582767487 0.6155290007591248 0.2887499928474426 0.2151540070772171
4 0.5162500143051147 0.5397570133209229 0.2849999964237213 0.20579999685287476
4 0.8125 0.47427499294281006 0.29249998927116394 0.20767100155353546
4 0.3006249964237213 0.8297470211982727 0.29624998569488525 0.2132830023765564
4 0.5993750095367432 0.7539759874343872 0.2887499928474426 0.2132830023765564
4 0.8712499737739563 0.6838170289993286 0.2574999928474426 0.1945739984512329
4 0.8256250023841858 0.8765199780464172 0.3462499976158142 0.23012199997901917
