4 0.5239999890327454 0.20100000500679016 0.25200000405311584 0.18199999630451202
4 0.7039999961853027 0.3720000088214874 0.164000004529953 0.23600000143051147
4 0.5389999747276306 0.3779999911785126 0.27799999713897705 0.2160000056028366
4 0.6019999980926514 0.5839999914169312 0.2280000001192093 0.20800000429153442
4 0.7620000243186951 0.5960000157356262 0.18000000715255737 0.24400000274181366
4 0.5730000138282776 0.7429999709129333 0.25 0.1979999989271164
4 0.3310000002384186 0.7009999752044678 0.23000000417232513 0.17800000309944153
4 0.34599998593330383 0.5009999871253967 0.2240000069141388 0.27000001072883606
4 0.32499998807907104 0.31200000643730164 0.22200000286102295 0.17599999904632568
4 0.19599999487400055 0.4959999918937683 0.1720000058412552 0.2680000066757202
