6 0.3921875 0.159375 0.165625 0.14375
6 0.53515625 0.25078125 0.196875 0.153125
6 0.675 0.34296875 0.1921875 0.153125
6 0.39453125 0.36640625 0.1796875 0.1359375
6 0.53828125 0.45390625 0.1640625 0.128125
6 0.65703125 0.50859375 0.196875 0.1453125
7 0.8 0.56640625 0.159375 0.125
7 0.67109375 0.67734375 0.215625 0.190625
7 0.5203125 0.67890625 0.1390625 0.11875
6 0.44609375 0.54453125 0.1640625 0.1328125
6 0.30859375 0.6375 0.18125 0.1484375
7 0.3734375 0.78125 0.1859375 0.1578125
7 0.54140625 0.83984375 0.18125 0.1484375
6 0.67734375 0.90234375 0.159375 0.1359375
7 0.75390625 0.77578125 0.14375 0.1265625