6 0.31328125 0.67265625 0.2015625 0.1703125
6 0.421875 0.8 0.20625 0.15625
6 0.5078125 0.90234375 0.146875 0.1328125
6 0.58984375 0.721875 0.1625 0.125
6 0.53515625 0.6140625 0.1578125 0.121875
6 0.459375 0.51953125 0.1828125 0.146875
6 0.634375 0.56484375 0.140625 0.1125
6 0.7625 0.5390625 0.1515625 0.1140625
7 0.303125 0.37734375 0.178125 0.1421875
7 0.521875 0.359375 0.253125 0.18125
7 0.62109375 0.42734375 0.1203125 0.0921875
7 0.7828125 0.42265625 0.1515625 0.1171875
7 0.6984375 0.3 0.140625 0.128125
6 0.6234375 0.1609375 0.153125 0.125
7 0.48203125 0.20390625 0.1671875 0.1328125