6 0.77734375 0.665625 0.178125 0.134375
6 0.76875 0.55234375 0.1625 0.1171875
6 0.81484375 0.43515625 0.1828125 0.13125
6 0.61328125 0.678125 0.1953125 0.15
6 0.4875 0.2109375 0.1796875 0.15
6 0.3140625 0.234375 0.140625 0.1046875
6 0.1234375 0.51953125 0.1578125 0.125
6 0.3078125 0.41015625 0.140625 0.1046875
6 0.21171875 0.678125 0.1515625 0.10625
7 0.41171875 0.709375 0.1625 0.121875
7 0.315625 0.5265625 0.1453125 0.1140625
7 0.46953125 0.5640625 0.203125 0.18125
7 0.59375 0.4953125 0.1203125 0.1
7 0.66328125 0.3703125 0.1671875 0.1328125
7 0.4765625 0.3953125 0.16875 0.1171875