6 0.51640625 0.33515625 0.1140625 0.1125
6 0.59609375 0.346875 0.0984375 0.0953125
6 0.65703125 0.334375 0.1140625 0.096875
6 0.6765625 0.41171875 0.1515625 0.1015625
6 0.39921875 0.62734375 0.184375 0.1421875
6 0.39140625 0.77734375 0.1421875 0.1203125
6 0.63515625 0.75625 0.1359375 0.1046875
6 0.6984375 0.634375 0.103125 0.0796875
7 0.70078125 0.51171875 0.1046875 0.0875
7 0.57265625 0.4609375 0.0828125 0.0828125
7 0.621875 0.5125 0.1375 0.128125
7 0.53359375 0.5640625 0.13125 0.115625
7 0.5453125 0.68046875 0.1140625 0.1046875
7 0.61875 0.6296875 0.109375 0.0953125