7 0.3859375 0.421875 0.125 0.1421875
7 0.51640625 0.38046875 0.1171875 0.1484375
7 0.403125 0.33671875 0.0921875 0.0953125
7 0.45703125 0.1890625 0.0921875 0.1109375
7 0.58359375 0.28046875 0.1 0.1203125
7 0.6390625 0.35625 0.103125 0.1265625
6 0.7140625 0.2515625 0.1078125 0.1328125
6 0.74609375 0.51171875 0.11875 0.1328125
6 0.5859375 0.5171875 0.14375 0.190625
6 0.265625 0.41015625 0.1234375 0.121875
6 0.278125 0.31875 0.1078125 0.1046875
6 0.25859375 0.24609375 0.0953125 0.10625
6 0.3421875 0.21796875 0.109375 0.153125
7 0.45703125 0.28046875 0.1359375 0.1484375