6 0.76328125 0.55078125 0.1609375 0.1171875
6 0.6171875 0.5921875 0.171875 0.1375
6 0.59140625 0.44921875 0.140625 0.109375
6 0.48203125 0.6328125 0.171875 0.1171875
6 0.46640625 0.4859375 0.1203125 0.0984375
6 0.45859375 0.4 0.115625 0.090625
6 0.453125 0.30078125 0.125 0.1015625
6 0.38046875 0.525 0.146875 0.1140625
6 0.1875 0.3828125 0.1046875 0.078125
7 0.3515625 0.28515625 0.1203125 0.1015625
7 0.35703125 0.390625 0.1 0.0703125
7 0.28671875 0.5859375 0.125 0.0859375
7 0.20078125 0.4703125 0.0890625 0.0828125
7 0.29140625 0.4703125 0.134375 0.1375