6 0.3421875 0.7578125 0.1296875 0.1828125
6 0.4546875 0.76015625 0.1140625 0.1671875
6 0.578125 0.8203125 0.125 0.1828125
6 0.3375 0.5859375 0.1453125 0.1828125
6 0.5328125 0.09921875 0.121875 0.1671875
6 0.828125 0.48984375 0.1484375 0.178125
6 0.8203125 0.31484375 0.109375 0.140625
6 0.63671875 0.296875 0.09375 0.1359375
6 0.3671875 0.1796875 0.1015625 0.140625
7 0.321875 0.38515625 0.1140625 0.15625
7 0.46484375 0.44765625 0.1796875 0.1984375
7 0.52734375 0.58046875 0.09375 0.1203125
7 0.6390625 0.47109375 0.10625 0.1609375
7 0.65625 0.66640625 0.125 0.1671875
7 0.515625 0.29453125 0.109375 0.140625