6 0.23828125 0.72109375 0.15625 0.19375
7 0.31640625 0.52109375 0.125 0.178125
7 0.36328125 0.38828125 0.109375 0.15
7 0.4625 0.45859375 0.0984375 0.084375
7 0.5140625 0.54921875 0.2078125 0.203125
7 0.415625 0.7578125 0.1609375 0.2140625
6 0.459375 0.33359375 0.0984375 0.146875
6 0.6890625 0.66640625 0.153125 0.1984375
6 0.553125 0.37734375 0.0984375 0.140625
6 0.66015625 0.45078125 0.140625 0.1828125
6 0.65 0.3515625 0.10625 0.109375
6 0.8109375 0.42734375 0.1453125 0.1875
6 0.7890625 0.3125 0.140625 0.146875
6 0.7671875 0.2265625 0.0984375 0.1
6 0.6578125 0.27578125 0.10625 0.103125