6 0.6984375 0.340625 0.196875 0.1640625
6 0.59921875 0.20625 0.2015625 0.1484375
6 0.5203125 0.09765625 0.1421875 0.128125
6 0.42578125 0.271875 0.1578125 0.1203125
6 0.4734375 0.38359375 0.153125 0.1171875
6 0.54140625 0.48359375 0.1796875 0.140625
6 0.37109375 0.42578125 0.1375 0.109375
6 0.240625 0.4421875 0.1484375 0.109375
7 0.6875 0.6359375 0.1734375 0.1359375
7 0.46875 0.63828125 0.2484375 0.1734375
7 0.37421875 0.5640625 0.1171875 0.0875
7 0.2125 0.5578125 0.146875 0.1125
7 0.28828125 0.68515625 0.1359375 0.1234375
6 0.35390625 0.8296875 0.1484375 0.1203125
7 0.496875 0.796875 0.1625 0.128125