6 0.2328125 0.27890625 0.090625 0.11875
6 0.3359375 0.2734375 0.1015625 0.140625
6 0.30625 0.3828125 0.0984375 0.13125
6 0.453125 0.265625 0.109375 0.1359375
6 0.41796875 0.36953125 0.1015625 0.125
6 0.415625 0.4765625 0.10625 0.13125
6 0.375 0.59609375 0.125 0.140625
7 0.490625 0.67734375 0.1296875 0.1765625
7 0.5453125 0.546875 0.090625 0.125
7 0.65625 0.66171875 0.1484375 0.1765625
6 0.8359375 0.66953125 0.140625 0.1609375
7 0.7890625 0.51015625 0.125 0.15625
7 0.6578125 0.3359375 0.10625 0.13125
7 0.63671875 0.46875 0.15625 0.1984375