6 0.44921875 0.76328125 0.1171875 0.1609375
6 0.4078125 0.6171875 0.1375 0.171875
6 0.55078125 0.59140625 0.109375 0.140625
6 0.3671875 0.48203125 0.1171875 0.171875
6 0.5140625 0.46640625 0.0984375 0.1203125
6 0.6 0.45859375 0.090625 0.115625
6 0.69921875 0.453125 0.1015625 0.125
6 0.475 0.38046875 0.1140625 0.146875
6 0.6171875 0.1875 0.078125 0.1046875
7 0.71484375 0.3515625 0.1015625 0.1203125
7 0.609375 0.35703125 0.0703125 0.1
7 0.4140625 0.28671875 0.0859375 0.125
7 0.5296875 0.20078125 0.0828125 0.0890625
7 0.5296875 0.29140625 0.1375 0.134375