6 0.6578125 0.12578125 0.153125 0.1296875
7 0.50390625 0.17734375 0.1625 0.1375
7 0.31796875 0.353125 0.1796875 0.15
7 0.540625 0.34140625 0.265625 0.184375
7 0.73046875 0.27265625 0.1375 0.13125
7 0.82109375 0.40078125 0.1578125 0.1171875
7 0.6515625 0.40625 0.1203125 0.1
6 0.7984375 0.52734375 0.153125 0.1171875
6 0.6640625 0.54765625 0.1421875 0.1203125
6 0.48203125 0.50078125 0.190625 0.15
6 0.5625 0.6 0.1625 0.121875
6 0.62109375 0.71640625 0.1625 0.125
6 0.534375 0.90078125 0.1578125 0.140625
6 0.44765625 0.79375 0.20625 0.1640625
6 0.33125 0.66171875 0.1953125 0.1734375