6 0.58359375 0.84765625 0.15625 0.1328125
6 0.44765625 0.74609375 0.1875 0.140625
6 0.31484375 0.64453125 0.1828125 0.140625
6 0.59609375 0.640625 0.171875 0.125
6 0.45859375 0.54296875 0.15625 0.1171875
6 0.34375 0.48046875 0.1875 0.1328125
7 0.20546875 0.4125 0.1515625 0.1140625
7 0.34140625 0.3109375 0.203125 0.1765625
7 0.4921875 0.3203125 0.13125 0.109375
6 0.55703125 0.459375 0.15625 0.121875
6 0.70078125 0.3765625 0.171875 0.1375
7 0.64609375 0.228125 0.1765625 0.1453125
7 0.48203125 0.1578125 0.171875 0.1375
6 0.3515625 0.0859375 0.1515625 0.125
7 0.265625 0.20703125 0.1359375 0.1171875