6 0.234375 0.35625 0.1890625 0.1390625
6 0.2375 0.46875 0.1734375 0.121875
6 0.184375 0.59453125 0.1890625 0.134375
6 0.40546875 0.3421875 0.190625 0.1546875
6 0.9015625 0.51171875 0.1734375 0.1296875
6 0.52734375 0.82734375 0.1859375 0.1578125
6 0.7015625 0.81015625 0.146875 0.1171875
6 0.71015625 0.62578125 0.140625 0.1
6 0.81328125 0.35078125 0.1453125 0.109375
7 0.60546875 0.31640625 0.1625 0.121875
7 0.55078125 0.4625 0.2078125 0.1890625
7 0.42109375 0.53125 0.125 0.1
7 0.5359375 0.6375 0.165625 0.1140625
7 0.3421875 0.66484375 0.1734375 0.1328125
7 0.70625 0.5046875 0.146875 0.1171875