7 0.44375 0.45546875 0.1140625 0.1515625
7 0.32421875 0.38515625 0.109375 0.146875
7 0.44140625 0.33828125 0.09375 0.115625
7 0.540625 0.33359375 0.153125 0.178125
6 0.5703125 0.57578125 0.1171875 0.1625
7 0.65234375 0.24765625 0.1015625 0.140625
7 0.6390625 0.44765625 0.1140625 0.15625
6 0.7953125 0.36953125 0.121875 0.15625
6 0.80859375 0.58828125 0.15625 0.1984375
6 0.4359375 0.81484375 0.1296875 0.171875
6 0.2984375 0.62734375 0.153125 0.1921875
6 0.30625 0.2734375 0.10625 0.109375
6 0.3890625 0.2265625 0.090625 0.1203125
6 0.44140625 0.15390625 0.09375 0.1203125
6 0.5171875 0.1796875 0.1140625 0.1625