6 0.23359375 0.46796875 0.16875 0.128125
6 0.3765625 0.41640625 0.18125 0.1484375
6 0.4125 0.55703125 0.1484375 0.11875
6 0.50859375 0.36640625 0.1796875 0.128125
6 0.534375 0.51171875 0.1265625 0.10625
6 0.5484375 0.596875 0.121875 0.0984375
6 0.5609375 0.6953125 0.13125 0.109375
6 0.6171875 0.46640625 0.1546875 0.1234375
6 0.81953125 0.5953125 0.109375 0.0859375
7 0.66328125 0.70390625 0.1265625 0.109375
7 0.65 0.59921875 0.1046875 0.0765625
7 0.70703125 0.39921875 0.13125 0.09375
7 0.80078125 0.50859375 0.0953125 0.0890625
7 0.71015625 0.51484375 0.14375 0.146875