7 0.384375 0.42421875 0.121875 0.140625
7 0.5140625 0.38046875 0.1140625 0.146875
7 0.4 0.33828125 0.090625 0.09375
7 0.4515625 0.18984375 0.090625 0.109375
7 0.5796875 0.27890625 0.0984375 0.11875
7 0.63671875 0.35390625 0.1015625 0.125
6 0.709375 0.24765625 0.10625 0.13125
6 0.74609375 0.5078125 0.1171875 0.13125
6 0.5859375 0.515625 0.140625 0.1875
6 0.2640625 0.4140625 0.121875 0.1203125
6 0.275 0.32265625 0.10625 0.103125
6 0.25390625 0.25 0.09375 0.1046875
6 0.3375 0.22109375 0.10625 0.1515625
7 0.453125 0.28125 0.1328125 0.146875