7 0.4546875 0.55546875 0.153125 0.1171875
7 0.38203125 0.6734375 0.1484375 0.1125
7 0.3375 0.55546875 0.1171875 0.0953125
7 0.334375 0.45625 0.18125 0.15625
6 0.57734375 0.43125 0.1640625 0.1203125
7 0.25 0.34296875 0.1421875 0.1046875
7 0.45 0.36015625 0.1578125 0.1171875
6 0.375 0.20234375 0.1578125 0.125
6 0.59375 0.19296875 0.2015625 0.159375
6 0.8140625 0.56953125 0.1734375 0.1328125
6 0.6234375 0.70390625 0.1953125 0.15625
6 0.2703125 0.68984375 0.1109375 0.1078125
6 0.225 0.60625 0.121875 0.0921875
6 0.153125 0.55234375 0.121875 0.0953125
6 0.1796875 0.47734375 0.1640625 0.1171875