7 0.33671875 0.378125 0.128125 0.171875
7 0.47109375 0.45859375 0.1921875 0.2078125
7 0.5359375 0.3125 0.121875 0.15
7 0.6421875 0.50703125 0.1296875 0.1859375
7 0.52109375 0.60390625 0.1078125 0.128125
7 0.63984375 0.6984375 0.1390625 0.1828125
6 0.40234375 0.1859375 0.1140625 0.1484375
6 0.571875 0.12421875 0.13125 0.1765625
6 0.65625 0.328125 0.1140625 0.1578125
6 0.834375 0.3671875 0.1265625 0.15625
6 0.82734375 0.54453125 0.1765625 0.1921875
6 0.33203125 0.5796875 0.15625 0.1984375
6 0.3171875 0.75078125 0.140625 0.1890625
6 0.4296875 0.7625 0.13125 0.171875
6 0.54296875 0.83515625 0.1359375 0.18125