6 0.74375 0.7953125 0.0953125 0.1328125
6 0.63984375 0.80234375 0.109375 0.1421875
6 0.66328125 0.67890625 0.1109375 0.1359375
6 0.52109375 0.81015625 0.1125 0.1421875
6 0.5515625 0.69453125 0.1015625 0.1421875
6 0.55 0.5875 0.1078125 0.1359375
6 0.5890625 0.46953125 0.128125 0.1421875
7 0.46796875 0.3859375 0.140625 0.1796875
6 0.44765625 0.70625 0.1171875 0.1734375
7 0.415625 0.51171875 0.0921875 0.1265625
7 0.3015625 0.39375 0.15625 0.18125
6 0.11640625 0.3796875 0.1484375 0.1640625
7 0.16640625 0.54453125 0.1328125 0.153125
7 0.32578125 0.5890625 0.159375 0.20625
7 0.30234375 0.72734375 0.115625 0.1359375