6 0.2890625 0.2796875 0.203125 0.1515625
7 0.23828125 0.4453125 0.2296875 0.16875
7 0.465625 0.36171875 0.1671875 0.13125
7 0.58671875 0.4109375 0.1390625 0.1109375
7 0.42265625 0.55390625 0.190625 0.2140625
7 0.51015625 0.50625 0.0875 0.09375
6 0.29921875 0.7234375 0.1921875 0.1546875
6 0.62265625 0.50546875 0.134375 0.0953125
6 0.5828125 0.59296875 0.1234375 0.0984375
6 0.50078125 0.69921875 0.1765625 0.146875
6 0.59296875 0.690625 0.096875 0.1125
6 0.6625 0.69453125 0.090625 0.1015625
6 0.6921875 0.81328125 0.0875 0.1015625
6 0.61953125 0.825 0.140625 0.1375
6 0.509375 0.84609375 0.171875 0.1515625