6 0.27890625 0.23828125 0.19375 0.15625
7 0.47890625 0.31640625 0.178125 0.125
7 0.61171875 0.36328125 0.15 0.109375
7 0.54140625 0.4625 0.084375 0.0984375
7 0.45078125 0.5140625 0.203125 0.2078125
7 0.2421875 0.415625 0.2140625 0.1609375
6 0.66640625 0.459375 0.146875 0.0984375
6 0.33359375 0.6890625 0.1984375 0.153125
6 0.62265625 0.553125 0.140625 0.0984375
6 0.54921875 0.66015625 0.1828125 0.140625
6 0.6484375 0.65 0.109375 0.10625
6 0.57265625 0.8109375 0.1875 0.1453125
6 0.6875 0.7890625 0.146875 0.140625
6 0.7734375 0.7671875 0.1 0.0984375
6 0.72421875 0.6578125 0.103125 0.10625