6 0.334375 0.4921875 0.10625 0.109375
6 0.3421875 0.41171875 0.090625 0.09375
6 0.3265625 0.3515625 0.090625 0.109375
6 0.40234375 0.328125 0.09375 0.146875
6 0.6328125 0.59375 0.1328125 0.178125
6 0.7828125 0.59375 0.1140625 0.1359375
6 0.7484375 0.3515625 0.0984375 0.13125
6 0.6234375 0.29453125 0.075 0.1
7 0.5015625 0.29921875 0.0828125 0.1
7 0.45703125 0.4296875 0.078125 0.078125
7 0.50625 0.37734375 0.121875 0.13125
7 0.5625 0.46328125 0.109375 0.125
7 0.678125 0.4453125 0.0984375 0.109375
7 0.6234375 0.375 0.090625 0.1046875