6 0.240625 0.7109375 0.153125 0.19375
7 0.4078125 0.76015625 0.1609375 0.21875
7 0.3265625 0.53359375 0.1296875 0.1515625
7 0.375 0.421875 0.109375 0.146875
7 0.51171875 0.57578125 0.1953125 0.1828125
7 0.46875 0.48671875 0.0859375 0.0671875
6 0.68125 0.69765625 0.1453125 0.1984375
6 0.46484375 0.375 0.0859375 0.125
6 0.55078125 0.41953125 0.09375 0.11875
6 0.65625 0.49765625 0.1328125 0.171875
6 0.80078125 0.48671875 0.1328125 0.171875
6 0.6484375 0.40625 0.109375 0.09375
6 0.65625 0.34375 0.09375 0.084375
6 0.7671875 0.30703125 0.0984375 0.084375
6 0.78125 0.3828125 0.1328125 0.13125