6 0.7234375 0.29296875 0.15625 0.20625
7 0.559375 0.2390625 0.171875 0.23125
7 0.63828125 0.46796875 0.1328125 0.16875
7 0.5875 0.58828125 0.1125 0.140625
7 0.44765625 0.42109375 0.2171875 0.19375
7 0.49296875 0.51015625 0.0953125 0.0890625
6 0.2796875 0.2953125 0.1578125 0.1953125
6 0.4921875 0.62265625 0.096875 0.1359375
6 0.40546875 0.58125 0.1 0.125
6 0.30078125 0.49765625 0.15 0.1796875
6 0.3078125 0.5890625 0.1140625 0.1
6 0.30234375 0.659375 0.103125 0.0921875
6 0.18359375 0.68671875 0.103125 0.0890625
6 0.1734375 0.61328125 0.1390625 0.1421875
6 0.15390625 0.503125 0.153125 0.175