6 0.578125 0.5515625 0.11875 0.153125
6 0.81953125 0.56640625 0.175 0.209375
6 0.8 0.33828125 0.13125 0.1546875
6 0.509375 0.16015625 0.125 0.175
6 0.42890625 0.13125 0.0984375 0.1265625
6 0.38203125 0.20859375 0.09375 0.1265625
6 0.3046875 0.26328125 0.1140625 0.1328125
6 0.3078125 0.60546875 0.16875 0.2046875
6 0.45 0.7953125 0.1453125 0.1875
7 0.32421875 0.36328125 0.115625 0.1484375
7 0.4359375 0.31640625 0.0859375 0.1203125
7 0.44765625 0.44140625 0.1234375 0.1546875
7 0.6421875 0.425 0.1328125 0.159375
6 0.64609375 0.21796875 0.115625 0.14375
7 0.54296875 0.30390625 0.1578125 0.1875