7 0.47109375 0.35859375 0.15625 0.121875
7 0.34296875 0.44375 0.1765625 0.146875
7 0.34765625 0.54765625 0.128125 0.0875
7 0.4671875 0.54765625 0.15 0.11875
7 0.3828125 0.66171875 0.14375 0.1109375
6 0.4015625 0.1953125 0.1515625 0.121875
6 0.2734375 0.334375 0.134375 0.103125
6 0.1984375 0.4625 0.159375 0.1140625
6 0.16484375 0.5390625 0.11875 0.0984375
6 0.23671875 0.58828125 0.11875 0.0984375
6 0.27734375 0.6734375 0.1125 0.109375
6 0.61796875 0.70078125 0.2046875 0.1671875
6 0.81796875 0.575 0.1875 0.14375
6 0.5859375 0.42890625 0.159375 0.1140625
6 0.6203125 0.19296875 0.2046875 0.1671875