7 0.553125 0.5484375 0.125 0.159375
7 0.6671875 0.6265625 0.11875 0.1546875
7 0.546875 0.665625 0.1015625 0.121875
7 0.44765625 0.66328125 0.165625 0.1890625
6 0.43515625 0.41953125 0.128125 0.1703125
7 0.33046875 0.74140625 0.1109375 0.146875
7 0.3578125 0.5421875 0.125 0.1640625
6 0.19609375 0.609375 0.1328125 0.1640625
6 0.1984375 0.390625 0.1703125 0.209375
6 0.5859375 0.190625 0.140625 0.18125
6 0.71015625 0.38671875 0.165625 0.203125
6 0.67734375 0.73984375 0.1140625 0.1171875
6 0.59140625 0.78046875 0.0984375 0.1265625
6 0.534375 0.84921875 0.1015625 0.1265625
6 0.46015625 0.81796875 0.125 0.1703125