7 0.51640625 0.1875 0.084375 0.0953125
7 0.40234375 0.27265625 0.0875 0.1265625
7 0.6421875 0.25 0.084375 0.1203125
7 0.7015625 0.33984375 0.1 0.1265625
7 0.5921875 0.3421875 0.0765625 0.0953125
7 0.51953125 0.27578125 0.1421875 0.1375
6 0.46015625 0.3625 0.1171875 0.153125
6 0.3546875 0.46875 0.128125 0.1734375
6 0.50078125 0.45859375 0.1015625 0.1484375
6 0.58671875 0.44375 0.0921875 0.121875
6 0.68515625 0.44453125 0.1 0.1265625
6 0.534375 0.5796875 0.1171875 0.1421875
6 0.4359375 0.7484375 0.125 0.1625
6 0.39375 0.60078125 0.140625 0.1703125