6 0.33359375 0.75234375 0.1359375 0.1875
6 0.4453125 0.75859375 0.1203125 0.1703125
6 0.5671875 0.82265625 0.13125 0.1875
6 0.334375 0.58046875 0.1515625 0.1875
6 0.546875 0.10078125 0.128125 0.171875
6 0.828125 0.5015625 0.1546875 0.1828125
6 0.8265625 0.32578125 0.1140625 0.14375
6 0.64375 0.3015625 0.0984375 0.1390625
6 0.378125 0.175 0.10625 0.14375
7 0.32578125 0.37890625 0.11875 0.159375
7 0.46640625 0.44609375 0.1859375 0.2046875
7 0.52421875 0.58125 0.0984375 0.1234375
7 0.63984375 0.47578125 0.1125 0.1640625
7 0.65 0.671875 0.13125 0.171875
7 0.52265625 0.2953125 0.1140625 0.14375