6 0.7015625 0.76640625 0.1984375 0.159375
7 0.75703125 0.6015625 0.225 0.16875
7 0.52734375 0.67421875 0.15625 0.134375
7 0.4171875 0.621875 0.15 0.1140625
7 0.57578125 0.490625 0.1890625 0.2015625
7 0.4859375 0.53046875 0.0703125 0.0875
6 0.70390625 0.32578125 0.203125 0.1515625
6 0.37421875 0.53046875 0.128125 0.090625
6 0.42109375 0.44609375 0.121875 0.0984375
6 0.503125 0.34375 0.1765625 0.1390625
6 0.496875 0.19921875 0.1765625 0.1390625
6 0.41171875 0.3484375 0.096875 0.1125
6 0.34921875 0.33828125 0.0875 0.096875
6 0.31640625 0.2265625 0.0875 0.1015625
6 0.39296875 0.21484375 0.1359375 0.1375