7 0.82109375 0.36015625 0.20625 0.2265625
7 0.921875 0.4625 0.15625 0.171875
6 0.90703125 0.54765625 0.1328125 0.128125
7 0.753125 0.5078125 0.1890625 0.190625
7 0.7515625 0.60546875 0.1265625 0.0859375
7 0.6609375 0.559375 0.0734375 0.0625
7 0.6171875 0.6328125 0.1140625 0.1234375
6 0.590625 0.47578125 0.1765625 0.234375
6 0.4140625 0.36484375 0.2421875 0.2875
6 0.228125 0.44296875 0.209375 0.2578125
6 0.08671875 0.503125 0.15 0.1859375
6 0.321875 0.54609375 0.140625 0.1609375
6 0.45703125 0.53671875 0.146875 0.15
6 0.51171875 0.57734375 0.0875 0.06875
6 0.50078125 0.62734375 0.115625 0.1078125