6 0.23671875 0.27421875 0.0921875 0.1203125
6 0.33984375 0.2703125 0.1046875 0.1421875
6 0.30859375 0.3796875 0.1 0.1328125
6 0.45703125 0.26484375 0.1125 0.1375
6 0.4203125 0.36796875 0.103125 0.1265625
6 0.41640625 0.475 0.1078125 0.1328125
6 0.3734375 0.59375 0.128125 0.1421875
7 0.4875 0.67734375 0.1328125 0.178125
7 0.54453125 0.54765625 0.0921875 0.1265625
7 0.653125 0.6640625 0.1515625 0.1796875
6 0.8328125 0.675 0.14375 0.1640625
7 0.7890625 0.51484375 0.128125 0.1578125
7 0.6609375 0.3390625 0.1078125 0.1328125
7 0.6375 0.47109375 0.159375 0.2015625