7 0.640625 0.46640625 0.1171875 0.1515625
7 0.55078125 0.34140625 0.140625 0.171875
7 0.446875 0.34921875 0.0828125 0.125
7 0.4515625 0.46875 0.1140625 0.146875
7 0.334375 0.38828125 0.10625 0.140625
6 0.80078125 0.390625 0.1171875 0.146875
6 0.6578125 0.26796875 0.0984375 0.13125
6 0.52734375 0.19765625 0.109375 0.15625
6 0.44921875 0.16640625 0.09375 0.115625
6 0.40234375 0.23984375 0.09375 0.115625
6 0.31875 0.28359375 0.10625 0.109375
6 0.303125 0.625 0.1609375 0.1984375
6 0.4359375 0.8203125 0.1375 0.1828125
6 0.57421875 0.58359375 0.109375 0.15625
6 0.8109375 0.609375 0.1609375 0.1984375