7 0.81328125 0.5 0.1 0.0890625
7 0.721875 0.390625 0.13125 0.09375
7 0.75703125 0.62890625 0.125 0.090625
7 0.6703125 0.69296875 0.13125 0.10625
7 0.6625 0.584375 0.0984375 0.08125
7 0.725 0.5078125 0.14375 0.15
6 0.63515625 0.453125 0.159375 0.125
6 0.5234375 0.353125 0.1796875 0.1359375
6 0.54140625 0.4984375 0.153125 0.1078125
6 0.5609375 0.58359375 0.1265625 0.0984375
6 0.56484375 0.68203125 0.13125 0.10625
6 0.421875 0.53828125 0.1484375 0.1234375
6 0.2484375 0.4484375 0.16875 0.1328125
6 0.39375 0.39921875 0.1765625 0.1484375