6 0.134375 0.32265625 0.121875 0.146875
7 0.178125 0.47890625 0.1296875 0.15625
7 0.34375 0.67421875 0.140625 0.171875
7 0.34375 0.45078125 0.171875 0.25625
7 0.28515625 0.2578125 0.125 0.13125
7 0.41796875 0.17421875 0.109375 0.1515625
7 0.4140625 0.34375 0.09375 0.115625
6 0.54296875 0.203125 0.109375 0.146875
6 0.55625 0.33828125 0.1140625 0.1359375
6 0.5 0.51796875 0.140625 0.1828125
6 0.603125 0.44296875 0.1140625 0.15625
6 0.72265625 0.390625 0.1171875 0.15625
6 0.90234375 0.48671875 0.1328125 0.1515625
6 0.790625 0.56796875 0.153125 0.1984375
6 0.65234375 0.67734375 0.1640625 0.1875