6 0.165625 0.57265625 0.1296875 0.15625
6 0.265625 0.44296875 0.140625 0.1875
6 0.365625 0.31484375 0.1453125 0.171875
6 0.3671875 0.58359375 0.125 0.1671875
6 0.46484375 0.453125 0.1171875 0.15625
6 0.546875 0.546875 0.1171875 0.15625
6 0.62890625 0.68515625 0.1328125 0.171875
6 0.525 0.34140625 0.1296875 0.19375
7 0.7734375 0.62734375 0.140625 0.171875
7 0.68125 0.47890625 0.0984375 0.125
7 0.83984375 0.47109375 0.1328125 0.1609375
6 0.91015625 0.34609375 0.1171875 0.140625
7 0.5921875 0.2109375 0.1140625 0.140625
7 0.69140625 0.33046875 0.171875 0.203125
7 0.790625 0.26015625 0.1140625 0.134375