7 0.1703125 0.6171875 0.1921875 0.2140625
7 0.0765625 0.5078125 0.1453125 0.1625
6 0.09765625 0.42421875 0.125 0.1203125
7 0.2484375 0.47421875 0.1765625 0.178125
7 0.25625 0.37734375 0.121875 0.078125
7 0.34375 0.4296875 0.0703125 0.0578125
7 0.3921875 0.359375 0.10625 0.115625
6 0.4078125 0.51796875 0.1609375 0.2234375
6 0.5765625 0.640625 0.2234375 0.271875
6 0.7671875 0.57578125 0.1921875 0.2453125
6 0.9125 0.52578125 0.1375 0.1765625
6 0.68125 0.46640625 0.1296875 0.1515625
6 0.5453125 0.46640625 0.1375 0.140625
6 0.49375 0.421875 0.0828125 0.0625
6 0.5078125 0.37265625 0.109375 0.1