6 0.54921875 0.83828125 0.165625 0.140625
6 0.4265625 0.7296875 0.196875 0.153125
6 0.30625 0.62109375 0.18125 0.15625
6 0.57421875 0.63828125 0.175 0.1359375
6 0.45078125 0.53203125 0.1640625 0.128125
6 0.55 0.45625 0.1640625 0.128125
6 0.69375 0.384375 0.18125 0.14375
6 0.34375 0.4640625 0.2015625 0.1421875
7 0.64609375 0.2359375 0.18125 0.1515625
7 0.49140625 0.31796875 0.13125 0.10625
7 0.49453125 0.15859375 0.1703125 0.14375
6 0.375 0.08046875 0.1484375 0.1265625
7 0.21796875 0.3875 0.1484375 0.1234375
7 0.34453125 0.296875 0.2140625 0.1859375
7 0.28125 0.19296875 0.1421875 0.1234375