6 0.3203125 0.76796875 0.125 0.171875
6 0.43359375 0.765625 0.109375 0.15625
6 0.5484375 0.81796875 0.121875 0.1765625
6 0.31640625 0.60390625 0.140625 0.1875
6 0.7890625 0.50234375 0.140625 0.171875
6 0.775 0.328125 0.0984375 0.1359375
6 0.5 0.12265625 0.1171875 0.1515625
6 0.6 0.3125 0.0984375 0.1359375
6 0.3375 0.203125 0.0984375 0.146875
7 0.2953125 0.40078125 0.1140625 0.15625
7 0.4828125 0.31484375 0.10625 0.140625
7 0.4375 0.46640625 0.171875 0.19375
7 0.5 0.59375 0.09375 0.115625
7 0.62109375 0.66953125 0.125 0.1609375
7 0.60546875 0.48203125 0.109375 0.1625