6 0.57421875 0.55703125 0.109375 0.1453125
6 0.8140625 0.58828125 0.1609375 0.1984375
6 0.8109375 0.359375 0.121875 0.146875
6 0.5328125 0.16171875 0.1140625 0.1671875
6 0.4546875 0.12734375 0.090625 0.1203125
6 0.40234375 0.20078125 0.0859375 0.1203125
6 0.321875 0.25 0.10625 0.125
6 0.30078125 0.59140625 0.15625 0.19375
6 0.4296875 0.79140625 0.1328125 0.178125
7 0.334375 0.3515625 0.10625 0.140625
7 0.44921875 0.3125 0.078125 0.115625
7 0.4515625 0.4375 0.1140625 0.146875
7 0.646875 0.43515625 0.121875 0.1515625
6 0.665625 0.22890625 0.10625 0.1359375
7 0.55625 0.30703125 0.1453125 0.178125