6 0.74375 0.253125 0.1265625 0.1
6 0.73984375 0.35625 0.1484375 0.1140625
6 0.63359375 0.3171875 0.1390625 0.109375
6 0.7375 0.4734375 0.1453125 0.1203125
6 0.6375 0.4296875 0.1328125 0.1125
6 0.53046875 0.41796875 0.140625 0.1171875
6 0.41484375 0.3671875 0.1515625 0.1375
7 0.32421875 0.475 0.1875 0.1453125
7 0.44921875 0.54140625 0.1328125 0.1015625
7 0.325 0.64140625 0.1890625 0.1625
6 0.3015625 0.81953125 0.171875 0.1546875
7 0.46484375 0.78671875 0.1671875 0.1375
7 0.65 0.671875 0.140625 0.1171875
7 0.51953125 0.6390625 0.2109375 0.1734375