7 0.64140625 0.46875 0.1203125 0.153125
7 0.55390625 0.3421875 0.14375 0.175
7 0.44921875 0.3484375 0.084375 0.1265625
7 0.45234375 0.46796875 0.1171875 0.1484375
7 0.33671875 0.38515625 0.109375 0.1421875
6 0.80234375 0.39609375 0.1203125 0.1484375
6 0.66171875 0.27109375 0.1 0.1328125
6 0.5328125 0.1984375 0.1125 0.1578125
6 0.4546875 0.165625 0.0953125 0.1171875
6 0.40703125 0.23828125 0.0953125 0.1171875
6 0.32265625 0.28046875 0.1078125 0.1109375
6 0.30078125 0.621875 0.1640625 0.2015625
6 0.43046875 0.81953125 0.140625 0.1859375
6 0.57265625 0.58515625 0.1125 0.1578125
6 0.80859375 0.61484375 0.1640625 0.2015625