7 0.521875 0.1875 0.0828125 0.09375
7 0.40625 0.27109375 0.0859375 0.125
7 0.646875 0.25234375 0.0828125 0.11875
7 0.7046875 0.34375 0.0984375 0.125
7 0.5953125 0.34375 0.075 0.09375
7 0.5234375 0.27578125 0.140625 0.134375
6 0.4625 0.36171875 0.1140625 0.1515625
6 0.35546875 0.46640625 0.125 0.171875
6 0.5015625 0.45859375 0.0984375 0.146875
6 0.5875 0.4453125 0.090625 0.1203125
6 0.6859375 0.44765625 0.0984375 0.125
6 0.5328125 0.58046875 0.1140625 0.140625
6 0.43125 0.74765625 0.121875 0.1609375
6 0.3921875 0.59921875 0.1375 0.1671875