6 0.4390625 0.71875 0.121875 0.1671875
6 0.396875 0.57265625 0.1453125 0.1765625
6 0.34765625 0.43515625 0.125 0.171875
6 0.540625 0.5390625 0.1140625 0.1515625
6 0.5015625 0.4140625 0.0984375 0.13125
6 0.58984375 0.3984375 0.09375 0.1203125
6 0.4609375 0.32578125 0.1171875 0.1625
6 0.69140625 0.39296875 0.1015625 0.13125
7 0.7046875 0.28359375 0.10625 0.13125
7 0.64453125 0.19296875 0.0859375 0.115625
7 0.59375 0.29140625 0.078125 0.103125
7 0.3921875 0.2265625 0.0984375 0.13125
7 0.509375 0.13046875 0.090625 0.09375
6 0.6 0.109375 0.0828125 0.115625
7 0.51171875 0.21640625 0.140625 0.140625