6 0.4203125 0.7125 0.1359375 0.1765625
6 0.390625 0.56328125 0.159375 0.1890625
6 0.35390625 0.421875 0.1390625 0.1828125
6 0.53671875 0.5421875 0.1265625 0.1609375
6 0.509375 0.41484375 0.109375 0.1390625
6 0.5984375 0.40703125 0.103125 0.128125
6 0.4765625 0.32265625 0.13125 0.171875
6 0.7 0.41015625 0.1125 0.1390625
7 0.72265625 0.30234375 0.1171875 0.140625
7 0.67109375 0.20703125 0.0953125 0.1234375
7 0.61171875 0.3 0.0875 0.109375
7 0.41640625 0.21796875 0.109375 0.1390625
7 0.54140625 0.1328125 0.0984375 0.1015625
6 0.63359375 0.11953125 0.0921875 0.121875
7 0.53671875 0.21875 0.153125 0.153125