6 0.57578125 0.2859375 0.1328125 0.175
6 0.6078125 0.434375 0.1578125 0.1859375
6 0.64765625 0.575 0.1359375 0.1796875
6 0.4625 0.4578125 0.125 0.159375
6 0.4921875 0.5859375 0.1078125 0.1375
6 0.403125 0.5953125 0.1015625 0.1265625
6 0.5265625 0.6765625 0.128125 0.1703125
6 0.3015625 0.59375 0.1109375 0.1375
7 0.28046875 0.7015625 0.115625 0.1390625
7 0.334375 0.79609375 0.09375 0.121875
7 0.3921875 0.7015625 0.084375 0.1078125
7 0.58828125 0.78046875 0.1078125 0.1375
7 0.46484375 0.86796875 0.096875 0.1
6 0.37265625 0.8828125 0.090625 0.121875
7 0.46875 0.78203125 0.15 0.15