6 0.15234375 0.58359375 0.1328125 0.15625
6 0.25390625 0.44765625 0.140625 0.1875
6 0.35546875 0.31484375 0.140625 0.1828125
6 0.359375 0.59609375 0.125 0.171875
6 0.45703125 0.45859375 0.1171875 0.15625
6 0.51953125 0.34375 0.1328125 0.1875
7 0.5875 0.20546875 0.1140625 0.1515625
7 0.6890625 0.34140625 0.1765625 0.203125
7 0.6796875 0.4921875 0.109375 0.13125
6 0.540625 0.55703125 0.121875 0.15625
6 0.6234375 0.70078125 0.1375 0.171875
7 0.771875 0.64609375 0.1453125 0.1765625
7 0.8421875 0.48203125 0.1375 0.171875
6 0.9140625 0.3515625 0.125 0.1515625
7 0.79296875 0.265625 0.1171875 0.1359375