7 0.59375 0.83671875 0.2265625 0.20625
7 0.478125 0.921875 0.171875 0.15625
6 0.39609375 0.89609375 0.128125 0.1328125
7 0.45703125 0.74921875 0.190625 0.1890625
7 0.3609375 0.734375 0.0859375 0.1265625
7 0.41875 0.65078125 0.0625 0.0734375
7 0.35234375 0.59765625 0.1234375 0.1140625
6 0.51171875 0.59296875 0.234375 0.1765625
6 0.6453125 0.43359375 0.2875 0.2421875
6 0.59453125 0.2390625 0.2578125 0.209375
6 0.5546875 0.090625 0.1859375 0.15
6 0.47890625 0.3171875 0.1609375 0.140625
6 0.46953125 0.45234375 0.15 0.146875
6 0.421875 0.50078125 0.06875 0.0875
6 0.3734375 0.48359375 0.1078125 0.115625