6 0.2875 0.71875 0.1453125 0.1984375
7 0.4546875 0.76328125 0.1609375 0.2234375
7 0.36328125 0.5390625 0.125 0.1625
7 0.4078125 0.41640625 0.10625 0.1359375
7 0.55625 0.57578125 0.2078125 0.1828125
7 0.50625 0.48984375 0.090625 0.084375
6 0.73046875 0.69296875 0.1484375 0.1875
6 0.5015625 0.37734375 0.090625 0.13125
6 0.58984375 0.4140625 0.09375 0.1203125
6 0.69921875 0.4921875 0.140625 0.171875
6 0.6875 0.40078125 0.109375 0.09375
6 0.6890625 0.33046875 0.0984375 0.0875
6 0.80625 0.296875 0.0984375 0.084375
6 0.8203125 0.36953125 0.1328125 0.1359375
6 0.8453125 0.47890625 0.1453125 0.1671875