6 0.6625 0.6953125 0.1609375 0.19375
6 0.7953125 0.59375 0.1453125 0.1984375
6 0.90234375 0.51328125 0.125 0.140625
6 0.7265625 0.421875 0.1171875 0.15625
6 0.615625 0.47109375 0.1140625 0.1515625
6 0.5171875 0.54140625 0.1375 0.1765625
6 0.571875 0.36953125 0.10625 0.1359375
6 0.553125 0.23984375 0.10625 0.146875
7 0.3671875 0.68984375 0.1328125 0.171875
7 0.3609375 0.47109375 0.16875 0.2453125
7 0.43359375 0.375 0.0859375 0.115625
7 0.4375 0.21328125 0.109375 0.1453125
7 0.3109375 0.29140625 0.121875 0.134375
6 0.16796875 0.359375 0.1171875 0.146875
7 0.203125 0.50234375 0.125 0.1609375