6 0.265625 0.25 0.2015625 0.165625
7 0.46953125 0.31796875 0.184375 0.134375
7 0.6046875 0.3578125 0.15625 0.1171875
7 0.5390625 0.46015625 0.0890625 0.103125
7 0.4515625 0.51640625 0.2140625 0.21875
7 0.23828125 0.42890625 0.221875 0.171875
6 0.6640625 0.45078125 0.1515625 0.10625
6 0.34375 0.69765625 0.20625 0.1640625
6 0.625 0.546875 0.1453125 0.10625
6 0.5578125 0.65703125 0.190625 0.15
6 0.65625 0.6421875 0.1140625 0.1125
6 0.5890625 0.80703125 0.1953125 0.1546875
6 0.70234375 0.77890625 0.1546875 0.1484375
6 0.78671875 0.75234375 0.1046875 0.103125
6 0.73203125 0.64609375 0.1078125 0.1109375