6 0.6515625 0.12265625 0.1546875 0.13125
7 0.4984375 0.17734375 0.165625 0.140625
7 0.315625 0.35625 0.18125 0.1515625
7 0.53828125 0.340625 0.2671875 0.1890625
7 0.7265625 0.26875 0.1390625 0.134375
7 0.81953125 0.3953125 0.159375 0.1203125
7 0.65 0.403125 0.121875 0.1015625
6 0.79921875 0.521875 0.1546875 0.11875
6 0.665625 0.54453125 0.14375 0.1234375
6 0.48203125 0.5015625 0.1921875 0.153125
6 0.5640625 0.59921875 0.1640625 0.125
6 0.625 0.71484375 0.1640625 0.128125
6 0.54140625 0.90078125 0.1609375 0.14375
6 0.45234375 0.79453125 0.209375 0.1671875
6 0.33359375 0.6640625 0.1984375 0.1765625