6 0.83828125 0.45078125 0.140625 0.165625
6 0.7296875 0.5734375 0.153125 0.196875
6 0.62109375 0.69375 0.15625 0.18125
6 0.63828125 0.42578125 0.1359375 0.175
6 0.53203125 0.54921875 0.128125 0.1640625
6 0.45625 0.45 0.128125 0.1640625
6 0.384375 0.30625 0.14375 0.18125
6 0.4640625 0.65625 0.1421875 0.2015625
7 0.2359375 0.35390625 0.1515625 0.18125
7 0.31796875 0.50859375 0.10625 0.13125
7 0.15859375 0.50546875 0.14375 0.1703125
6 0.08046875 0.625 0.1265625 0.1484375
7 0.3875 0.78203125 0.1234375 0.1484375
7 0.296875 0.65546875 0.1859375 0.2140625
7 0.19296875 0.71875 0.1234375 0.1421875