6 0.665625 0.49921875 0.1125 0.1140625
6 0.6625 0.5796875 0.0953125 0.0984375
6 0.68125 0.6390625 0.096875 0.1140625
6 0.60625 0.66640625 0.1015625 0.1515625
6 0.3625 0.41328125 0.1421875 0.184375
6 0.2125 0.42109375 0.1203125 0.1421875
6 0.259375 0.6609375 0.1046875 0.1359375
6 0.3875 0.71171875 0.0796875 0.103125
7 0.50859375 0.70078125 0.0875 0.1046875
7 0.546875 0.56796875 0.0828125 0.0828125
7 0.5 0.62265625 0.128125 0.1375
7 0.43984375 0.53984375 0.115625 0.13125
7 0.325 0.5640625 0.1046875 0.1140625
7 0.38359375 0.63125 0.0953125 0.109375