6 0.57890625 0.55 0.121875 0.1546875
6 0.8203125 0.5609375 0.178125 0.2109375
6 0.79765625 0.3328125 0.134375 0.15625
6 0.503125 0.16015625 0.128125 0.1765625
6 0.42265625 0.1328125 0.1 0.128125
6 0.3765625 0.21015625 0.096875 0.128125
6 0.30078125 0.26640625 0.1171875 0.134375
6 0.309375 0.60859375 0.171875 0.20625
6 0.45546875 0.79609375 0.1484375 0.1890625
7 0.321875 0.36640625 0.11875 0.15
7 0.4328125 0.31796875 0.0875 0.121875
7 0.44609375 0.4421875 0.1265625 0.15625
7 0.640625 0.42265625 0.134375 0.1609375
6 0.64140625 0.215625 0.1171875 0.1453125
7 0.5390625 0.303125 0.1609375 0.190625