7 0.3265625 0.39296875 0.1140625 0.1625
7 0.4671875 0.4609375 0.1765625 0.19375
7 0.51953125 0.31015625 0.109375 0.140625
7 0.6421875 0.49453125 0.1140625 0.1765625
7 0.5296875 0.6015625 0.0984375 0.1203125
7 0.65625 0.68515625 0.125 0.171875
6 0.375 0.1953125 0.1015625 0.140625
6 0.5390625 0.11953125 0.1171875 0.1671875
6 0.640625 0.31484375 0.1015625 0.15
6 0.821875 0.33828125 0.1140625 0.146875
6 0.8296875 0.515625 0.1609375 0.178125
6 0.33984375 0.59375 0.140625 0.1875
6 0.33984375 0.765625 0.125 0.178125
6 0.453125 0.76796875 0.1171875 0.1625
6 0.571875 0.83046875 0.121875 0.171875