16 0.87265625 0.7546875 0.15078125 0.22578125
16 0.74765625 0.70625 0.15234375 0.2171875
16 0.66640625 0.86328125 0.1546875 0.21171875
16 0.56171875 0.72421875 0.1484375 0.20546875
16 0.590625 0.5703125 0.13984375 0.2171875
16 0.6921875 0.5984375 0.15078125 0.196875
16 0.86640625 0.5796875 0.13359375 0.196875
16 0.90859375 0.43125 0.146875 0.24921875
16 0.78984375 0.37421875 0.140625 0.1890625
16 0.66953125 0.42578125 0.1453125 0.221875
16 0.5921875 0.565625 0.14296875 0.2203125
16 0.4890625 0.50390625 0.15 0.22265625
16 0.57109375 0.38125 0.1453125 0.2171875
16 0.69453125 0.29296875 0.1484375 0.21640625
