16 0.9015625 0.64609375 0.196875 0.24765625
16 0.46875 0.703125 0.23203125 0.29375
16 0.23984375 0.69296875 0.24921875 0.2625
16 0.06328125 0.634375 0.1265625 0.284375
16 0.56953125 0.5171875 0.26328125 0.259375
16 0.36484375 0.5421875 0.23828125 0.2296875
16 0.16640625 0.46640625 0.221875 0.228125
16 0.03203125 0.44140625 0.0640625 0.20625
16 0.08671875 0.2921875 0.1734375 0.20234375
16 0.5625 0.30625 0.2015625 0.2453125
16 0.43984375 0.315625 0.27265625 0.30078125
16 0.34296875 0.18671875 0.246875 0.23671875
