16 0.95859375 0.0671875 0.08203125 0.134375
16 0.89453125 0.17890625 0.17890625 0.184375
16 0.91015625 0.36484375 0.1796875 0.184375
16 0.9390625 0.56640625 0.121875 0.1890625
16 0.88828125 0.721875 0.17890625 0.17890625
16 0.94453125 0.896875 0.11015625 0.18046875
16 0.7421875 0.04375 0.17421875 0.0875
16 0.70390625 0.1921875 0.190625 0.17890625
16 0.753125 0.53671875 0.18046875 0.1953125
16 0.64453125 0.3984375 0.16953125 0.17421875
16 0.69765625 0.7375 0.17578125 0.1859375
16 0.76875 0.890625 0.16640625 0.1890625
16 0.48984375 0.08515625 0.1859375 0.1703125
16 0.490625 0.29453125 0.17265625 0.1859375
16 0.51171875 0.57890625 0.18125 0.17734375
16 0.4953125 0.790625 0.1828125 0.1828125
16 0.2875 0.05859375 0.184375 0.11640625
16 0.36484375 0.18984375 0.16328125 0.17109375
16 0.128125 0.1265625 0.16796875 0.17734375
16 0.02734375 0.046875 0.0546875 0.09375
16 0.2640625 0.32421875 0.17421875 0.18125
16 0.3859375 0.4515625 0.17265625 0.17109375
16 0.09296875 0.3015625 0.17734375 0.18046875
16 0.0296875 0.43828125 0.059375 0.153125
16 0.17265625 0.49765625 0.17890625 0.17578125
16 0.3515625 0.64453125 0.17109375 0.17578125
16 0.28046875 0.79609375 0.18046875 0.17890625
16 0.27265625 0.94609375 0.18125 0.10625
16 0.07578125 0.68125 0.1515625 0.16953125
16 0.103125 0.87421875 0.16953125 0.1828125
16 0.4609375 0.971875 0.16484375 0.05546875
