16 0.57109375 0.25 0.021875 0.02890625
16 0.65390625 0.27890625 0.0265625 0.02421875
16 0.2515625 0.3265625 0.02890625 0.02890625
16 0.609375 0.35546875 0.0359375 0.0359375
16 0.53828125 0.36328125 0.03359375 0.02890625
16 0.23046875 0.36328125 0.03125 0.0265625
16 0.58984375 0.390625 0.03359375 0.03359375
16 0.2140625 0.390625 0.03125 0.040625
16 0.103125 0.39296875 0.0359375 0.03359375
16 0.64453125 0.40625 0.03359375 0.040625
16 0.18515625 0.41328125 0.0359375 0.03359375
16 0.08046875 0.421875 0.03125 0.040625
16 0.17890625 0.44921875 0.040625 0.03359375
16 0.82421875 0.4640625 0.03125 0.03359375
16 0.15625 0.47734375 0.04296875 0.02890625
16 0.37109375 0.49375 0.03359375 0.0265625
16 0.24765625 0.49609375 0.0265625 0.0265625
16 0.759375 0.50234375 0.03359375 0.03125
16 0.79453125 0.51796875 0.0359375 0.03359375
16 0.446875 0.51953125 0.0359375 0.03359375
16 0.3765625 0.52265625 0.03359375 0.02890625
16 0.13125 0.52421875 0.03125 0.03125
16 0.41953125 0.5265625 0.03359375 0.040625
16 0.7703125 0.53359375 0.03125 0.03359375
16 0.60234375 0.54453125 0.03359375 0.03359375
16 0.1734375 0.5453125 0.02421875 0.021875
16 0.3765625 0.54921875 0.03125 0.02890625
16 0.040625 0.5640625 0.0265625 0.02890625
16 0.0609375 0.5765625 0.021875 0.01953125
16 0.5890625 0.58203125 0.0359375 0.0359375
16 0.1859375 0.5921875 0.02421875 0.02421875
16 0.15859375 0.5984375 0.03359375 0.02890625
16 0.57578125 0.62890625 0.03828125 0.03359375
16 0.2046875 0.63125 0.0265625 0.0265625
16 0.6109375 0.63203125 0.03359375 0.03359375
16 0.42421875 0.64453125 0.0265625 0.03125
16 0.69453125 0.64921875 0.03359375 0.01953125
16 0.7765625 0.64921875 0.0359375 0.03828125
16 0.85078125 0.65859375 0.03828125 0.03359375
16 0.1921875 0.6625 0.02890625 0.0265625
16 0.45546875 0.68515625 0.03359375 0.0359375
16 0.171875 0.6859375 0.02890625 0.02890625
16 0.225 0.69453125 0.03359375 0.03359375
16 0.85703125 0.69453125 0.040625 0.040625
16 0.2015625 0.69921875 0.02421875 0.03125
16 0.90625 0.70703125 0.03359375 0.04296875
16 0.68125 0.71875 0.03359375 0.02890625
16 0.2765625 0.74296875 0.03828125 0.03125
16 0.24296875 0.7953125 0.03125 0.02890625
16 0.81953125 0.80859375 0.03359375 0.03828125
16 0.2234375 0.82109375 0.03125 0.02421875
16 0.07109375 0.18515625 0.021875 0.03359375
16 0.2453125 0.209375 0.02421875 0.0265625
16 0.59765625 0.209375 0.02890625 0.02421875
16 0.571875 0.2125 0.02421875 0.02890625
16 0.353125 0.2234375 0.01953125 0.02890625
16 0.58671875 0.2296875 0.0265625 0.021875
