16 0.5921875 0.25859375 0.02890625 0.02890625
16 0.58671875 0.3109375 0.02421875 0.0171875
16 0.88203125 0.33046875 0.03125 0.02890625
16 0.665625 0.34140625 0.0265625 0.021875
16 0.9578125 0.353125 0.03828125 0.03359375
16 0.2765625 0.35703125 0.0359375 0.03125
16 0.3125 0.40859375 0.0484375 0.03828125
16 0.053125 0.43046875 0.0359375 0.0359375
16 0.2609375 0.48671875 0.03359375 0.02890625
16 0.55078125 0.490625 0.0265625 0.03359375
16 0.71171875 0.50390625 0.0359375 0.02890625
16 0.5375 0.50625 0.02421875 0.02890625
16 0.7828125 0.53125 0.03828125 0.03359375
16 0.459375 0.5375 0.040625 0.04296875
16 0.6890625 0.5484375 0.03828125 0.02890625
16 0.6984375 0.5875 0.040625 0.03828125
16 0.25625 0.60546875 0.0484375 0.03828125
16 0.58984375 0.6140625 0.04296875 0.04296875
16 0.4796875 0.6296875 0.040625 0.0359375
16 0.4421875 0.65 0.03359375 0.04296875
16 0.53828125 0.65 0.03125 0.03828125
16 0.49609375 0.6578125 0.0359375 0.0359375
16 0.4078125 0.6609375 0.040625 0.040625
16 0.4625 0.67421875 0.03125 0.040625
16 0.3109375 0.69375 0.04296875 0.03828125
16 0.6140625 0.7328125 0.03828125 0.0359375
16 0.49296875 0.740625 0.04296875 0.03828125
16 0.57578125 0.7484375 0.03828125 0.03359375
16 0.07421875 0.7953125 0.0484375 0.05078125
16 0.8921875 0.8140625 0.02890625 0.03125
16 0.70546875 0.20078125 0.03828125 0.0359375
16 0.2953125 0.21015625 0.0359375 0.03125
16 0.6609375 0.2125 0.021875 0.0171875
16 0.6984375 0.23046875 0.03828125 0.03125
16 0.5765625 0.23828125 0.03125 0.02890625
16 0.26328125 0.2390625 0.0359375 0.03125
