16 0.66796875 0.2515625 0.02421875 0.02421875
16 0.20546875 0.27265625 0.04296875 0.0359375
16 0.88125 0.2984375 0.0171875 0.0171875
16 0.6390625 0.303125 0.021875 0.01953125
16 0.3421875 0.3078125 0.040625 0.03359375
16 0.9890625 0.31953125 0.0171875 0.02890625
16 0.6578125 0.3328125 0.02890625 0.03125
16 0.43515625 0.33515625 0.03125 0.02890625
16 0.3125 0.37109375 0.02421875 0.03125
16 0.03359375 0.37109375 0.03359375 0.02890625
16 0.57578125 0.3734375 0.0359375 0.03359375
16 0.45078125 0.37734375 0.03125 0.0359375
16 0.9328125 0.3921875 0.02421875 0.021875
16 0.5265625 0.39296875 0.021875 0.02421875
16 0.7390625 0.39453125 0.03359375 0.021875
16 0.54921875 0.39921875 0.03359375 0.0359375
16 0.821875 0.4015625 0.01953125 0.0140625
16 0.0609375 0.43984375 0.021875 0.0140625
16 0.015625 0.4625 0.03125 0.03359375
16 0.5140625 0.4625 0.03359375 0.040625
16 0.4953125 0.48828125 0.02421875 0.040625
16 0.43984375 0.4890625 0.040625 0.03125
16 0.51953125 0.50234375 0.021875 0.0359375
16 0.46484375 0.50859375 0.021875 0.040625
16 0.41953125 0.51171875 0.03359375 0.03828125
16 0.3796875 0.52421875 0.03828125 0.03125
16 0.5515625 0.5671875 0.03828125 0.03125
16 0.48671875 0.5796875 0.03125 0.0359375
16 0.69921875 0.58203125 0.02890625 0.01953125
16 0.51953125 0.584375 0.03828125 0.03828125
16 0.43515625 0.5890625 0.0359375 0.03359375
16 0.5578125 0.5890625 0.03359375 0.02890625
16 0.7015625 0.5984375 0.021875 0.0171875
16 0.56640625 0.6140625 0.02421875 0.021875
16 0.5296875 0.65859375 0.03359375 0.03125
16 0.9796875 0.228125 0.03359375 0.03125
