16 0.1078125 0.2640625 0.06953125 0.06953125
16 0.92421875 0.2765625 0.08671875 0.09140625
16 0.1859375 0.29296875 0.06953125 0.06015625
16 0.54453125 0.3171875 0.07421875 0.08203125
16 0.12265625 0.3421875 0.0796875 0.08203125
16 0.48046875 0.3546875 0.0671875 0.08203125
16 0.76328125 0.359375 0.0625 0.0765625
16 0.54921875 0.39453125 0.07421875 0.08203125
16 0.37109375 0.5203125 0.0625 0.06015625
16 0.203125 0.56015625 0.0796875 0.071875
16 0.49609375 0.6078125 0.07421875 0.06484375
16 0.6296875 0.63671875 0.06015625 0.05078125
16 0.79921875 0.671875 0.06953125 0.07421875
16 0.52734375 0.71875 0.0765625 0.06953125
16 0.97109375 0.7203125 0.053125 0.084375
16 0.63671875 0.73046875 0.06953125 0.06953125
16 0.64296875 0.7859375 0.0578125 0.0484375
16 0.36640625 0.79296875 0.07421875 0.06953125
16 0.16015625 0.228125 0.071875 0.07421875
