16 0.6625 0.33203125 0.0671875 0.06015625
16 0.73203125 0.3546875 0.0671875 0.06015625
16 0.51796875 0.37265625 0.07421875 0.0765625
16 0.6515625 0.384375 0.06484375 0.0625
16 0.69921875 0.421875 0.0578125 0.071875
16 0.93046875 0.4671875 0.05078125 0.053125
16 0.7453125 0.48046875 0.071875 0.0578125
16 0.703125 0.5375 0.071875 0.08203125
16 0.57421875 0.5453125 0.06953125 0.09140625
16 0.33046875 0.55078125 0.08671875 0.084375
16 0.77734375 0.5515625 0.07421875 0.0890625
16 0.2078125 0.62265625 0.0578125 0.084375
16 0.39296875 0.6703125 0.0765625 0.06484375
16 0.6265625 0.7203125 0.08203125 0.09140625
16 0.83046875 0.178125 0.0578125 0.021875
16 0.3015625 0.18125 0.0484375 0.0265625
16 0.59140625 0.2125 0.040625 0.0359375
