16 0.70078125 0.28515625 0.040625 0.040625
16 0.7796875 0.31875 0.04296875 0.0453125
16 0.8125 0.31953125 0.02421875 0.02890625
16 0.7203125 0.32421875 0.0265625 0.0453125
16 0.6921875 0.328125 0.03828125 0.040625
16 0.68515625 0.34765625 0.0359375 0.02890625
16 0.79921875 0.36328125 0.04296875 0.05078125
16 0.296875 0.3890625 0.0484375 0.0453125
16 0.43515625 0.43359375 0.0359375 0.03359375
16 0.478125 0.44375 0.05078125 0.0453125
16 0.5296875 0.6578125 0.05078125 0.0484375
16 0.6078125 0.74609375 0.04296875 0.053125
