16 0.384375 0.3765625 0.06953125 0.0765625
16 0.61875 0.4015625 0.05546875 0.06484375
16 0.571875 0.41015625 0.06484375 0.0625
16 0.6 0.4484375 0.06484375 0.06953125
16 0.3609375 0.44921875 0.0765625 0.0671875
16 0.4546875 0.48046875 0.0671875 0.0625
16 0.4109375 0.4828125 0.04296875 0.0765625
16 0.33203125 0.49375 0.0625 0.06953125
16 0.41328125 0.5671875 0.0578125 0.06484375
16 0.6265625 0.584375 0.06953125 0.0625
16 0.63828125 0.63828125 0.0625 0.0625
16 0.2453125 0.2203125 0.06953125 0.071875
