18 0.0875 0.8453125 0.090625 0.24609375
18 0.16875 0.8359375 0.103125 0.27421875
18 0.25234375 0.86171875 0.1046875 0.23671875
18 0.3421875 0.846875 0.11875 0.28125
18 0.44765625 0.846875 0.1328125 0.3046875
18 0.5375 0.86171875 0.1171875 0.27578125
18 0.6234375 0.85 0.11875 0.3
18 0.7265625 0.85390625 0.134375 0.29140625
18 0.8515625 0.84765625 0.1609375 0.30390625
18 0.87734375 0.5671875 0.1265625 0.2671875
18 0.7703125 0.56640625 0.125 0.25546875
18 0.6859375 0.5828125 0.09375 0.26015625
18 0.59140625 0.5546875 0.1234375 0.32109375
18 0.48671875 0.57421875 0.1109375 0.2671875
18 0.384375 0.5671875 0.121875 0.3328125
18 0.29609375 0.60703125 0.1234375 0.2296875
18 0.21171875 0.590625 0.1109375 0.28125
18 0.115625 0.58828125 0.1125 0.2859375
18 0.04453125 0.6140625 0.0890625 0.2296875
18 0.94140625 0.30703125 0.1171875 0.25703125
18 0.86953125 0.30390625 0.1390625 0.28359375
18 0.76015625 0.3234375 0.0984375 0.2296875
18 0.6796875 0.3234375 0.09375 0.24375
18 0.59453125 0.3375 0.0953125 0.2203125
18 0.5015625 0.3234375 0.1 0.2578125
18 0.40078125 0.31640625 0.1078125 0.2765625
18 0.3125 0.296875 0.090625 0.33515625
18 0.234375 0.3484375 0.09375 0.23671875
18 0.146875 0.3328125 0.1 0.253125
18 0.05625 0.328125 0.1 0.2765625
18 0.6453125 0.109375 0.125 0.21796875
18 0.4640625 0.11015625 0.103125 0.2203125
18 0.21640625 0.12109375 0.0984375 0.24140625
