16 0.5171875 0.31875 0.06953125 0.0796875
16 0.4109375 0.32421875 0.0453125 0.08203125
16 0.46875 0.33515625 0.03828125 0.0578125
16 0.24765625 0.3484375 0.05078125 0.0671875
16 0.290625 0.3484375 0.06015625 0.071875
16 0.52734375 0.4078125 0.0796875 0.0796875
16 0.31640625 0.4171875 0.06953125 0.0765625
16 0.634375 0.42890625 0.09375 0.06953125
16 0.8265625 0.59609375 0.03359375 0.0359375
16 0.65390625 0.6 0.0796875 0.0796875
16 0.9 0.66953125 0.08671875 0.07421875
16 0.95078125 0.7125 0.05078125 0.0625
16 0.98203125 0.8125 0.0359375 0.04296875
16 0.15625 0.19140625 0.06484375 0.0578125
