16 0.56640625 0.3390625 0.03828125 0.03828125
16 0.65390625 0.34140625 0.03828125 0.04296875
16 0.5328125 0.359375 0.03359375 0.05078125
16 0.2234375 0.37734375 0.03828125 0.03828125
16 0.8140625 0.37734375 0.03828125 0.02890625
16 0.2546875 0.38828125 0.01953125 0.03359375
16 0.76953125 0.396875 0.04296875 0.0453125
16 0.821875 0.40859375 0.04296875 0.0359375
16 0.6453125 0.41015625 0.03828125 0.0359375
16 0.32578125 0.4203125 0.03828125 0.04296875
16 0.88828125 0.43046875 0.0453125 0.04296875
16 0.61875 0.44453125 0.0359375 0.03828125
16 0.1421875 0.45078125 0.03359375 0.01953125
16 0.475 0.4515625 0.021875 0.02890625
16 0.50390625 0.459375 0.0359375 0.03828125
16 0.97734375 0.46640625 0.04296875 0.05078125
16 0.1421875 0.4734375 0.040625 0.03359375
16 0.57421875 0.4890625 0.03359375 0.040625
16 0.2296875 0.49140625 0.03359375 0.04296875
16 0.56484375 0.515625 0.03828125 0.0359375
16 0.3296875 0.521875 0.03125 0.040625
16 0.83203125 0.56640625 0.03828125 0.04296875
16 0.49609375 0.5765625 0.0359375 0.03359375
16 0.35078125 0.5828125 0.03125 0.03828125
16 0.7078125 0.609375 0.04296875 0.0484375
16 0.30546875 0.63828125 0.04296875 0.03828125
16 0.2546875 0.6703125 0.0265625 0.0265625
16 0.66328125 0.69453125 0.04296875 0.0359375
16 0.2796875 0.71171875 0.02421875 0.02890625
16 0.62734375 0.7125 0.04296875 0.0359375
16 0.60078125 0.7234375 0.040625 0.03828125
16 0.35078125 0.73046875 0.04296875 0.03359375
16 0.6421875 0.73671875 0.03828125 0.040625
16 0.334375 0.78515625 0.040625 0.04296875
16 0.6625 0.196875 0.04296875 0.040625
