16 0.60078125 0.08515625 0.03359375 0.04609375
16 0.61328125 0.15390625 0.0328125 0.04296875
16 0.6 0.20078125 0.0359375 0.04453125
16 0.59296875 0.24296875 0.03125 0.03671875
16 0.59765625 0.2890625 0.03046875 0.04296875
16 0.615625 0.25625 0.015625 0.03515625
16 0.5015625 0.27890625 0.02734375 0.04140625
16 0.684375 0.29296875 0.034375 0.053125
16 0.59296875 0.3546875 0.0328125 0.0421875
16 0.56015625 0.37265625 0.03046875 0.034375
16 0.58203125 0.4 0.0328125 0.046875
16 0.53359375 0.51640625 0.03046875 0.0484375
16 0.65703125 0.515625 0.0390625 0.05078125
16 0.60625 0.6234375 0.0328125 0.04375
16 0.38203125 0.62265625 0.034375 0.05078125
16 0.4421875 0.578125 0.02734375 0.03671875
16 0.39453125 0.71796875 0.0359375 0.0421875
16 0.35859375 0.7171875 0.03046875 0.0484375
16 0.32421875 0.671875 0.0390625 0.04765625
16 0.3234375 0.72109375 0.03984375 0.0453125
16 0.22265625 0.41640625 0.03515625 0.03828125
16 0.21640625 0.5875 0.0265625 0.03828125
16 0.196875 0.565625 0.02421875 0.03359375
16 0.2203125 0.553125 0.01875 0.03359375
16 0.21015625 0.70625 0.0328125 0.040625
16 0.2296875 0.4546875 0.03515625 0.02890625
16 0.3359375 0.51953125 0.03125 0.053125
16 0.31796875 0.61875 0.0265625 0.03984375
16 0.34140625 0.615625 0.0203125 0.04453125
16 0.33515625 0.7953125 0.034375 0.05234375
16 0.3171875 0.82890625 0.0390625 0.040625
16 0.31015625 0.7890625 0.02578125 0.0328125
16 0.41796875 0.8578125 0.03828125 0.05390625
16 0.525 0.79765625 0.0375 0.05078125
16 0.48515625 0.80859375 0.03203125 0.03828125
16 0.73515625 0.20234375 0.03984375 0.0546875
16 0.76640625 0.2609375 0.03828125 0.05859375
16 0.771875 0.34453125 0.0328125 0.05078125
16 0.7546875 0.3875 0.0359375 0.05078125
16 0.68984375 0.6671875 0.03359375 0.03984375
16 0.66484375 0.69375 0.03359375 0.046875
16 0.715625 0.65625 0.02109375 0.03046875
16 0.92578125 0.79375 0.02109375 0.02890625
16 0.9046875 0.7921875 0.02109375 0.02265625
16 0.8703125 0.7734375 0.0171875 0.028125
16 0.85625 0.76953125 0.01640625 0.02578125
16 0.871875 0.89140625 0.01953125 0.02734375
16 0.8546875 0.88828125 0.015625 0.02890625
16 0.77265625 0.88671875 0.02890625 0.0265625
16 0.88125 0.83671875 0.02265625 0.02890625
16 0.77265625 0.52890625 0.028125 0.03515625
16 0.8078125 0.5953125 0.0203125 0.02421875
16 0.78359375 0.6109375 0.0203125 0.02578125
16 0.825 0.5109375 0.02109375 0.03671875
16 0.75 0.51015625 0.0234375 0.03203125
16 0.67734375 0.54609375 0.03125 0.0484375
16 0.71953125 0.6953125 0.0296875 0.04375
