8 0.985 0.562 0.033 0.084
8 0.835 0.57 0.048 0.081
8 0.863 0.552 0.048 0.127
8 0.799 0.467 0.042 0.138
8 0.747 0.513 0.041 0.111
8 0.718 0.643 0.045 0.08
8 0.694 0.596 0.034 0.108
8 0.72 0.579 0.02 0.058
8 0.645 0.62 0.07 0.17
8 0.602 0.681 0.061 0.106
8 0.499 0.671 0.039 0.127
8 0.59 0.569 0.045 0.116
8 0.542 0.67 0.056 0.102
8 0.298 0.685 0.045 0.127
8 0.384 0.624 0.05 0.142
8 0.339 0.602 0.038 0.109
8 0.298 0.551 0.033 0.098
8 0.252 0.642 0.039 0.097
8 0.052 0.703 0.07 0.041
8 0.089 0.644 0.047 0.097
8 0.156 0.61 0.034 0.064
8 0.488 0.569 0.056 0.084
8 0.484 0.513 0.044 0.077
8 0.441 0.478 0.044 0.103
8 0.435 0.637 0.045 0.098
8 0.573 0.491 0.078 0.064
