8 0.105 0.794 0.055 0.1
8 0.048 0.778 0.059 0.088
8 0.033 0.687 0.059 0.083
8 0.076 0.656 0.08 0.169
8 0.13 0.591 0.097 0.194
8 0.2 0.638 0.05 0.111
8 0.252 0.708 0.061 0.209
8 0.319 0.587 0.094 0.092
8 0.335 0.669 0.048 0.1
8 0.373 0.518 0.05 0.073
8 0.406 0.459 0.019 0.028
8 0.495 0.433 0.045 0.066
8 0.716 0.576 0.061 0.08
8 0.537 0.614 0.073 0.15
8 0.5 0.655 0.062 0.175
8 0.473 0.744 0.05 0.1
8 0.441 0.45 0.014 0.031
8 0.828 0.55 0.05 0.106
8 0.884 0.57 0.053 0.059
8 0.923 0.473 0.069 0.13
8 0.934 0.559 0.045 0.105
8 0.954 0.611 0.045 0.1
8 0.98 0.607 0.042 0.13
