8 0.267 0.248 0.034 0.05
8 0.039 0.588 0.044 0.061
8 0.024 0.676 0.042 0.08
8 0.103 0.56 0.081 0.136
8 0.167 0.573 0.075 0.248
8 0.186 0.649 0.094 0.111
8 0.246 0.509 0.142 0.07
8 0.245 0.565 0.061 0.173
8 0.3 0.672 0.053 0.125
8 0.333 0.722 0.091 0.234
8 0.365 0.598 0.083 0.208
8 0.453 0.599 0.097 0.367
8 0.554 0.569 0.061 0.219
8 0.608 0.641 0.053 0.128
8 0.641 0.452 0.072 0.145
8 0.704 0.516 0.086 0.234
8 0.767 0.49 0.109 0.217
8 0.784 0.394 0.056 0.066
8 0.913 0.64 0.075 0.239
8 0.98 0.616 0.042 0.123
8 0.984 0.744 0.036 0.053
8 0.808 0.259 0.094 0.127
