8 0.79 0.612 0.048 0.12
8 0.962 0.477 0.048 0.092
8 0.929 0.427 0.055 0.091
8 0.909 0.333 0.048 0.122
8 0.875 0.509 0.062 0.103
8 0.841 0.552 0.055 0.128
8 0.722 0.539 0.066 0.081
8 0.793 0.396 0.045 0.052
8 0.831 0.411 0.059 0.081
8 0.644 0.523 0.047 0.073
8 0.637 0.453 0.067 0.1
8 0.61 0.613 0.048 0.113
8 0.545 0.517 0.072 0.188
8 0.445 0.516 0.055 0.089
8 0.113 0.499 0.052 0.105
8 0.068 0.455 0.052 0.147
8 0.175 0.3 0.038 0.1
8 0.219 0.306 0.034 0.072
8 0.377 0.525 0.092 0.15
8 0.36 0.41 0.061 0.108
8 0.434 0.22 0.089 0.248
8 0.247 0.376 0.078 0.095
8 0.33 0.222 0.145 0.203
8 0.331 0.359 0.081 0.128
8 0.443 0.394 0.048 0.141
8 0.493 0.441 0.055 0.081
8 0.494 0.539 0.044 0.1
