8 0.048 0.486 0.078 0.172
8 0.243 0.623 0.07 0.113
8 0.277 0.478 0.067 0.147
8 0.307 0.52 0.048 0.108
8 0.298 0.634 0.039 0.084
8 0.372 0.371 0.091 0.214
8 0.488 0.419 0.141 0.144
8 0.412 0.717 0.12 0.169
8 0.481 0.688 0.053 0.191
8 0.528 0.625 0.081 0.228
8 0.591 0.501 0.072 0.198
8 0.658 0.531 0.078 0.206
8 0.62 0.339 0.102 0.172
8 0.727 0.624 0.078 0.123
8 0.807 0.602 0.073 0.219
8 0.903 0.53 0.059 0.203
8 0.933 0.634 0.069 0.122
8 0.973 0.599 0.056 0.223
8 0.973 0.762 0.041 0.077
8 0.367 0.546 0.022 0.042
8 0.403 0.505 0.028 0.044
8 0.452 0.52 0.016 0.036
