8 0.356 0.588 0.038 0.089
8 0.284 0.645 0.044 0.159
8 0.509 0.53 0.056 0.161
8 0.238 0.423 0.05 0.123
8 0.132 0.536 0.064 0.047
8 0.609 0.605 0.052 0.123
8 0.912 0.438 0.061 0.122
8 0.97 0.327 0.062 0.062
8 0.135 0.584 0.033 0.042
8 0.233 0.327 0.103 0.136
8 0.53 0.453 0.045 0.156
8 0.721 0.427 0.039 0.094
8 0.687 0.485 0.042 0.142
8 0.72 0.559 0.033 0.078
8 0.683 0.578 0.047 0.081
8 0.635 0.523 0.048 0.161
8 0.575 0.552 0.05 0.152
8 0.598 0.463 0.053 0.141
8 0.316 0.416 0.038 0.048
8 0.301 0.383 0.036 0.091
8 0.271 0.485 0.045 0.117
8 0.191 0.448 0.036 0.072
8 0.218 0.53 0.03 0.066
8 0.909 0.546 0.055 0.042
8 0.965 0.416 0.039 0.067
8 0.159 0.445 0.027 0.045
