8 0.031 0.545 0.056 0.167
8 0.041 0.418 0.07 0.083
8 0.099 0.442 0.064 0.147
8 0.504 0.349 0.064 0.117
8 0.563 0.468 0.086 0.18
8 0.632 0.291 0.055 0.15
8 0.645 0.427 0.084 0.106
8 0.91 0.365 0.058 0.048
8 0.974 0.377 0.055 0.072
8 0.933 0.43 0.062 0.167
8 0.884 0.529 0.038 0.064
8 0.892 0.571 0.05 0.095
8 0.824 0.498 0.083 0.192
8 0.855 0.42 0.056 0.053
8 0.744 0.491 0.062 0.111
8 0.738 0.405 0.062 0.066
8 0.671 0.516 0.083 0.144
8 0.535 0.566 0.042 0.078
8 0.451 0.503 0.08 0.181
8 0.429 0.555 0.07 0.127
8 0.502 0.495 0.061 0.148
