8 0.033 0.434 0.062 0.086
8 0.068 0.425 0.017 0.028
8 0.125 0.489 0.05 0.097
8 0.105 0.588 0.041 0.045
8 0.238 0.438 0.08 0.145
8 0.252 0.632 0.033 0.033
8 0.315 0.491 0.045 0.113
8 0.397 0.518 0.062 0.183
8 0.342 0.595 0.081 0.139
8 0.351 0.729 0.03 0.042
8 0.394 0.631 0.05 0.075
8 0.441 0.672 0.056 0.163
8 0.481 0.612 0.069 0.183
8 0.53 0.618 0.03 0.142
8 0.492 0.505 0.041 0.055
8 0.573 0.666 0.039 0.048
8 0.599 0.595 0.073 0.156
8 0.649 0.541 0.064 0.153
8 0.712 0.494 0.017 0.028
8 0.834 0.695 0.12 0.209
8 0.951 0.528 0.077 0.141
8 0.829 0.563 0.02 0.067
8 0.862 0.54 0.027 0.064
8 0.731 0.511 0.019 0.038
8 0.759 0.51 0.017 0.033
