8 0.963 0.39 0.058 0.22
8 0.93 0.545 0.03 0.039
8 0.027 0.445 0.052 0.18
8 0.172 0.117 0.078 0.175
8 0.17 0.28 0.084 0.225
8 0.094 0.314 0.116 0.097
8 0.079 0.436 0.055 0.169
8 0.062 0.663 0.108 0.258
8 0.094 0.803 0.062 0.244
8 0.275 0.823 0.059 0.133
8 0.595 0.429 0.05 0.177
8 0.749 0.53 0.077 0.156
8 0.863 0.627 0.053 0.17
8 0.465 0.567 0.061 0.281
8 0.402 0.53 0.059 0.134
8 0.211 0.907 0.069 0.189
8 0.219 0.749 0.144 0.214
8 0.312 0.463 0.161 0.375
8 0.808 0.243 0.097 0.202
8 0.746 0.223 0.042 0.064
8 0.85 0.53 0.088 0.122
