8 0.114 0.304 0.084 0.227
8 0.519 0.51 0.041 0.064
8 0.671 0.493 0.039 0.095
8 0.08 0.485 0.103 0.13
8 0.06 0.583 0.048 0.069
8 0.021 0.623 0.039 0.134
8 0.173 0.608 0.041 0.094
8 0.159 0.42 0.039 0.091
8 0.173 0.352 0.05 0.045
8 0.209 0.294 0.083 0.072
8 0.409 0.583 0.067 0.15
8 0.183 0.488 0.091 0.138
8 0.205 0.399 0.036 0.039
8 0.24 0.595 0.039 0.055
8 0.318 0.403 0.058 0.1
8 0.365 0.438 0.039 0.134
8 0.302 0.537 0.08 0.141
8 0.91 0.525 0.042 0.125
8 0.862 0.453 0.045 0.119
8 0.852 0.562 0.044 0.117
8 0.824 0.58 0.042 0.077
8 0.831 0.504 0.031 0.064
8 0.394 0.397 0.053 0.172
8 0.011 0.348 0.019 0.123
