10 0.136 0.709 0.269 0.511
10 0.416 0.618 0.298 0.473
10 0.729 0.718 0.361 0.545
10 0.948 0.785 0.108 0.433
10 0.03 0.305 0.036 0.044
10 0.075 0.291 0.041 0.044
10 0.033 0.345 0.031 0.036
10 0.089 0.341 0.022 0.03
10 0.062 0.352 0.025 0.03
10 0.066 0.319 0.048 0.034
10 0.188 0.373 0.056 0.048
10 0.28 0.32 0.066 0.052
10 0.36 0.279 0.039 0.039
10 0.825 0.38 0.072 0.114
10 0.776 0.34 0.067 0.092
10 0.691 0.266 0.041 0.053
10 0.393 0.254 0.027 0.039
10 0.409 0.227 0.048 0.041
10 0.623 0.216 0.017 0.03
10 0.695 0.21 0.022 0.027
