8 0.317 0.691 0.05 0.08
8 0.424 0.615 0.039 0.117
8 0.216 0.659 0.053 0.044
8 0.117 0.679 0.047 0.095
8 0.09 0.638 0.042 0.086
8 0.085 0.497 0.027 0.103
8 0.136 0.566 0.05 0.077
8 0.273 0.581 0.048 0.109
8 0.309 0.532 0.045 0.142
8 0.551 0.616 0.033 0.117
8 0.526 0.531 0.036 0.075
8 0.656 0.656 0.047 0.122
8 0.623 0.541 0.075 0.163
8 0.609 0.627 0.044 0.058
8 0.579 0.593 0.064 0.08
8 0.717 0.682 0.088 0.12
8 0.729 0.797 0.027 0.05
8 0.237 0.533 0.048 0.097
8 0.185 0.52 0.045 0.069
8 0.166 0.47 0.03 0.053
8 0.04 0.541 0.052 0.061
8 0.032 0.48 0.048 0.048
