8 0.1 0.614 0.088 0.128
8 0.188 0.61 0.045 0.083
8 0.298 0.713 0.073 0.247
8 0.366 0.479 0.07 0.173
8 0.387 0.309 0.064 0.203
8 0.361 0.162 0.053 0.12
8 0.309 0.091 0.07 0.062
8 0.511 0.381 0.041 0.084
8 0.481 0.492 0.072 0.084
8 0.564 0.553 0.094 0.163
8 0.655 0.631 0.116 0.247
8 0.736 0.182 0.069 0.167
8 0.721 0.34 0.114 0.183
8 0.812 0.431 0.081 0.216
8 0.743 0.53 0.055 0.192
8 0.803 0.662 0.056 0.17
8 0.846 0.667 0.03 0.131
8 0.847 0.836 0.069 0.209
8 0.977 0.859 0.05 0.119
8 0.929 0.789 0.145 0.188
8 0.938 0.925 0.08 0.153
8 0.902 0.345 0.075 0.203
8 0.897 0.185 0.069 0.136
8 0.973 0.51 0.056 0.283
