8 0.026 0.704 0.039 0.083
8 0.02 0.659 0.034 0.142
8 0.038 0.578 0.041 0.062
8 0.084 0.562 0.05 0.073
8 0.07 0.72 0.044 0.139
8 0.145 0.593 0.055 0.092
8 0.173 0.672 0.039 0.088
8 0.219 0.634 0.066 0.084
8 0.353 0.573 0.05 0.098
8 0.4 0.567 0.044 0.216
8 0.414 0.385 0.05 0.061
8 0.477 0.442 0.072 0.119
8 0.445 0.572 0.03 0.134
8 0.484 0.677 0.042 0.138
8 0.725 0.581 0.069 0.156
8 0.741 0.427 0.105 0.108
8 0.813 0.411 0.042 0.072
8 0.829 0.531 0.092 0.194
8 0.79 0.67 0.089 0.164
8 0.841 0.701 0.07 0.186
8 0.87 0.598 0.075 0.142
8 0.948 0.604 0.106 0.233
8 0.975 0.447 0.053 0.081
