8 0.098 0.433 0.064 0.159
8 0.14 0.475 0.052 0.097
8 0.166 0.536 0.041 0.094
8 0.198 0.507 0.041 0.148
8 0.238 0.468 0.069 0.205
8 0.291 0.525 0.048 0.147
8 0.196 0.669 0.033 0.072
8 0.363 0.495 0.081 0.141
8 0.342 0.629 0.056 0.133
8 0.509 0.498 0.048 0.13
8 0.551 0.602 0.052 0.155
8 0.773 0.693 0.05 0.102
8 0.777 0.537 0.048 0.128
8 0.981 0.698 0.038 0.064
8 0.855 0.595 0.053 0.167
8 0.585 0.448 0.07 0.23
8 0.613 0.608 0.056 0.119
8 0.614 0.693 0.088 0.177
8 0.641 0.541 0.088 0.125
8 0.223 0.659 0.036 0.048
