8 0.03 0.517 0.053 0.119
8 0.148 0.066 0.03 0.055
8 0.233 0.47 0.091 0.142
8 0.342 0.558 0.062 0.144
8 0.39 0.545 0.064 0.088
8 0.427 0.53 0.078 0.13
8 0.477 0.563 0.038 0.077
8 0.523 0.478 0.069 0.15
8 0.588 0.502 0.064 0.167
8 0.598 0.609 0.053 0.141
8 0.674 0.536 0.064 0.156
8 0.695 0.608 0.027 0.072
8 0.733 0.566 0.044 0.059
8 0.764 0.417 0.05 0.069
8 0.803 0.492 0.066 0.122
8 0.855 0.516 0.072 0.158
8 0.889 0.641 0.109 0.117
8 0.98 0.569 0.042 0.166
8 0.913 0.408 0.077 0.1
8 0.985 0.381 0.033 0.056
