8 0.021 0.646 0.036 0.064
8 0.059 0.496 0.048 0.052
8 0.121 0.54 0.064 0.098
8 0.052 0.648 0.039 0.183
8 0.115 0.733 0.039 0.113
8 0.089 0.646 0.034 0.108
8 0.37 0.723 0.044 0.142
8 0.313 0.528 0.061 0.078
8 0.362 0.534 0.039 0.091
8 0.35 0.597 0.041 0.116
8 0.32 0.61 0.03 0.055
8 0.382 0.645 0.045 0.102
8 0.459 0.573 0.038 0.113
8 0.491 0.584 0.059 0.106
8 0.5 0.669 0.034 0.109
8 0.523 0.625 0.028 0.059
8 0.435 0.648 0.058 0.158
8 0.516 0.52 0.042 0.045
8 0.561 0.505 0.038 0.048
8 0.59 0.569 0.045 0.1
8 0.547 0.558 0.038 0.053
8 0.569 0.587 0.031 0.095
8 0.641 0.665 0.053 0.055
8 0.666 0.735 0.056 0.142
8 0.673 0.612 0.041 0.058
8 0.712 0.671 0.042 0.077
8 0.739 0.655 0.053 0.106
8 0.781 0.601 0.028 0.061
8 0.824 0.461 0.042 0.084
8 0.784 0.482 0.036 0.052
8 0.839 0.545 0.088 0.156
