8 0.035 0.517 0.067 0.206
8 0.102 0.463 0.073 0.175
8 0.136 0.599 0.05 0.095
8 0.167 0.491 0.034 0.044
8 0.196 0.565 0.064 0.092
8 0.22 0.515 0.044 0.095
8 0.243 0.422 0.077 0.088
8 0.295 0.477 0.039 0.111
8 0.379 0.486 0.092 0.178
8 0.358 0.609 0.072 0.15
8 0.551 0.59 0.048 0.064
8 0.597 0.602 0.05 0.138
8 0.63 0.533 0.052 0.134
8 0.449 0.416 0.017 0.058
8 0.466 0.427 0.019 0.047
8 0.681 0.515 0.056 0.114
8 0.684 0.394 0.072 0.125
8 0.748 0.499 0.089 0.136
8 0.773 0.574 0.12 0.048
8 0.753 0.629 0.041 0.055
8 0.841 0.48 0.019 0.077
8 0.812 0.436 0.013 0.016
