8 0.138 0.541 0.039 0.078
8 0.183 0.548 0.062 0.128
8 0.309 0.566 0.066 0.186
8 0.245 0.659 0.067 0.186
8 0.212 0.401 0.117 0.139
8 0.544 0.379 0.041 0.092
8 0.604 0.372 0.039 0.078
8 0.552 0.573 0.075 0.139
8 0.514 0.623 0.041 0.161
8 0.48 0.545 0.031 0.089
8 0.452 0.629 0.033 0.117
8 0.477 0.629 0.033 0.08
8 0.773 0.559 0.056 0.18
8 0.8 0.638 0.053 0.181
8 0.845 0.616 0.067 0.127
8 0.913 0.619 0.064 0.122
8 0.576 0.288 0.073 0.098
8 0.971 0.585 0.061 0.161
8 0.345 0.618 0.086 0.136
8 0.396 0.699 0.052 0.12
