16 0.48046875 0.5765625 0.06015625 0.078125
16 0.55078125 0.3921875 0.046875 0.059375
16 0.42421875 0.3734375 0.05 0.06875
16 0.74375 0.25546875 0.046875 0.05234375
16 0.734375 0.1734375 0.03984375 0.05
16 0.52890625 0.18125 0.025 0.03984375
16 0.49609375 0.18046875 0.02265625 0.02734375
16 0.37578125 0.09375 0.01796875 0.03046875
16 0.36953125 0.0359375 0.01953125 0.03046875
16 0.82109375 0.234375 0.0703125 0.075
16 0.6 0.0265625 0.021875 0.02265625
16 0.76796875 0.93515625 0.0875 0.11875
16 0.73671875 0.828125 0.03828125 0.04765625
16 0.78984375 0.78046875 0.028125 0.0390625
