14 0.228333 0.263014 0.176667 0.493151
14 0.530833 0.454795 0.191667 0.252055
14 0.400000 0.771233 0.206667 0.430137
14 0.145833 0.904110 0.285000 0.191781
14 0.112500 0.691781 0.221667 0.265753
14 0.159167 0.530137 0.205000 0.336986
14 0.084167 0.258904 0.165000 0.304110
14 0.375000 0.494521 0.193333 0.358904
14 0.575000 0.773973 0.163333 0.452055
14 0.426667 0.176712 0.203333 0.347945
14 0.706667 0.606849 0.233333 0.282192
14 0.790000 0.301370 0.176667 0.432877
14 0.908333 0.561644 0.183333 0.263014
14 0.817500 0.894521 0.281667 0.210959
14 0.586667 0.139726 0.130000 0.268493
