14 0.565141 0.480208 0.172535 0.397917
14 0.883803 0.557292 0.185446 0.406250
15 0.116784 0.083333 0.165493 0.162500
14 0.340962 0.722917 0.207746 0.445833
14 0.260563 0.259375 0.164319 0.364583
14 0.384977 0.331250 0.166667 0.408333
14 0.102113 0.280208 0.138498 0.306250
14 0.558099 0.193750 0.134977 0.262500
14 0.696596 0.271875 0.160798 0.360417
14 0.746479 0.485417 0.147887 0.358333
14 0.747066 0.818750 0.163146 0.362500
14 0.947770 0.781250 0.104460 0.295833
14 0.142606 0.701042 0.163146 0.447917
14 0.469484 0.740625 0.173709 0.385417
