16 0.507110 0.642857 0.046627 0.036210
16 0.565146 0.493676 0.048280 0.037946
17 0.971396 0.574281 0.057209 0.046875
16 0.975529 0.540923 0.048942 0.033730
16 0.672454 0.350694 0.042659 0.029266
16 0.563823 0.312748 0.043651 0.026786
16 0.714947 0.166047 0.046296 0.037450
16 0.875331 0.145709 0.045635 0.033978
16 0.401786 0.255456 0.041005 0.030754
16 0.308366 0.442088 0.039352 0.033978
16 0.371858 0.833457 0.051257 0.036954
16 0.863095 0.065228 0.054233 0.035714
16 0.841270 0.035218 0.036376 0.038194
16 0.143353 0.153894 0.038690 0.028522
16 0.613261 0.595486 0.017526 0.023810
16 0.618386 0.625868 0.026455 0.022073
16 0.677249 0.551339 0.029101 0.033234
16 0.702216 0.545883 0.026124 0.015377
16 0.772983 0.701637 0.044643 0.031250
16 0.620536 0.892857 0.036045 0.029266
16 0.650132 0.876488 0.034392 0.027778
16 0.685351 0.869544 0.026786 0.020833
16 0.710648 0.922495 0.031085 0.025546
16 0.795800 0.921379 0.039352 0.031250
16 0.733796 0.943080 0.033730 0.021577
16 0.606812 0.464038 0.033730 0.027282
16 0.622189 0.478795 0.029431 0.027034
