18 0.415789 0.515222 0.105263 0.327869
18 0.514035 0.505855 0.108772 0.332553
18 0.607018 0.510539 0.129825 0.351288
18 0.713158 0.505855 0.114035 0.355972
18 0.814912 0.514052 0.103509 0.353630
18 0.316667 0.510539 0.121053 0.346604
18 0.212281 0.509368 0.126316 0.334895
18 0.483333 0.866511 0.107018 0.266979
18 0.586842 0.861827 0.117544 0.276347
18 0.553509 0.153396 0.100000 0.255269
18 0.645614 0.169789 0.098246 0.236534
18 0.469298 0.159251 0.082456 0.257611
18 0.379825 0.162763 0.100000 0.255269
18 0.296491 0.168618 0.098246 0.271663
18 0.202632 0.175644 0.107018 0.276347
