8 0.8858266472816467 0.5477231740951538 0.19356408715248108 0.3839428722858429
8 0.4666471779346466 0.5094072818756104 0.30167680978775024 0.3852585256099701
8 0.09675876796245575 0.47635817527770996 0.1935175359249115 0.356155127286911
8 0.9227232933044434 0.07058454304933548 0.11977081000804901 0.14116908609867096
8 0.1800786256790161 0.8361285924911499 0.3601572513580322 0.3064662218093872
8 0.03862784057855606 0.8102812767028809 0.07725568115711212 0.3581607937812805
8 0.8069880604743958 0.6613948345184326 0.35124123096466064 0.5779232978820801
8 0.9416864514350891 0.2965199649333954 0.08184453845024109 0.5930399298667908
8 0.716445803642273 0.2645099461078644 0.3580373525619507 0.5290198922157288
8 0.25918805599212646 0.4142451882362366 0.4490206837654114 0.7033509612083435
