8 0.7664369940757751 0.2845909893512726 0.1306459903717041 0.16993200778961182
8 0.3984000086784363 0.42989200353622437 0.14789098501205444 0.16151201725006104
8 0.1113549992442131 0.5459520220756531 0.09441699087619781 0.15894803404808044
8 0.693763017654419 0.6201320290565491 0.11119294166564941 0.13602197170257568
8 0.2676770091056824 0.23053200542926788 0.1757580041885376 0.2410379946231842
8 0.0747469961643219 0.34425199031829834 0.145455002784729 0.2187889814376831
8 0.7252529859542847 0.22373300790786743 0.21010100841522217 0.27441298961639404
8 0.8626260161399841 0.47527801990509033 0.17777800559997559 0.4239800274372101
8 0.5373740196228027 0.5593330264091492 0.16565701365470886 0.31025996804237366
8 0.2353540062904358 0.5370830297470093 0.16767698526382446 0.3423979580402374
