8 0.4139630198478699 0.4351690113544464 0.08545398712158203 0.29659897089004517
8 0.015893995761871338 0.42156699299812317 0.024325013160705566 0.36610597372055054
8 0.9194750189781189 0.5725460052490234 0.07640700042247772 0.24068096280097961
8 0.5036929845809937 0.783079981803894 0.07758000493049622 0.16385698318481445
8 0.8911010026931763 0.35861098766326904 0.11329299211502075 0.288673996925354
8 0.5672069787979126 0.5026149749755859 0.19953301548957825 0.411221981048584
8 0.28883498907089233 0.4456070065498352 0.14334404468536377 0.33828604221343994
8 0.1350119709968567 0.43181198835372925 0.16226303577423096 0.4268850088119507
8 0.7424780130386353 0.5353929996490479 0.12752801179885864 0.49552202224731445
8 0.8425849676132202 0.5861870050430298 0.05637499690055847 0.2066119909286499
