8 0.17021159827709198 0.4975349009037018 0.21327458322048187 0.11143366992473602
8 0.5921025276184082 0.24024592339992523 0.22487105429172516 0.12090300023555756
8 0.9179274439811707 0.04122394323348999 0.1641450971364975 0.08244788646697998
8 0.41818365454673767 0.3946143090724945 0.1768992841243744 0.093379445374012
8 0.6072767376899719 0.19148416817188263 0.29358771443367004 0.15202254056930542
8 0.848588764667511 0.05738886818289757 0.25333112478256226 0.11477773636579514
8 0.17603860795497894 0.48184141516685486 0.3435900807380676 0.17939680814743042
8 0.18973881006240845 0.5259431004524231 0.3794776201248169 0.18437013030052185
8 0.5316975712776184 0.3060976564884186 0.3212951123714447 0.15739504992961884
8 0.8019853234291077 0.11899036169052124 0.34042882919311523 0.1641300618648529
