16 0.32109375 0.14921875 0.0953125 0.13203125
16 0.4734375 0.14140625 0.09375 0.1078125
16 0.63359375 0.14453125 0.1 0.12734375
16 0.78515625 0.15546875 0.09609375 0.14453125
16 0.17265625 0.33046875 0.10625 0.13359375
16 0.31796875 0.328125 0.09609375 0.134375
16 0.63046875 0.3171875 0.1078125 0.146875
16 0.17421875 0.496875 0.1015625 0.1328125
16 0.6265625 0.51171875 0.10703125 0.13125
16 0.46953125 0.5078125 0.10625 0.1359375
16 0.6265625 0.68828125 0.103125 0.1359375
16 0.4796875 0.684375 0.11875 0.12890625
16 0.32421875 0.67109375 0.11875 0.1375
16 0.1671875 0.68203125 0.08046875 0.11484375
16 0.16015625 0.8578125 0.11328125 0.13203125
16 0.325 0.8515625 0.10078125 0.12734375
16 0.48671875 0.8625 0.09375 0.13671875
16 0.7953125 0.86328125 0.10390625 0.13828125
