16 0.50546875 0.4671875 0.1890625 0.2171875
16 0.40859375 0.28828125 0.2109375 0.24921875
16 0.52421875 0.1171875 0.17734375 0.228125
16 0.69453125 0.07421875 0.17890625 0.1484375
16 0.82890625 0.4171875 0.2015625 0.30390625
16 0.79609375 0.68125 0.1671875 0.190625
16 0.7453125 0.875 0.209375 0.25
16 0.52578125 0.72265625 0.246875 0.284375
16 0.4015625 0.90234375 0.203125 0.1953125
16 0.16484375 0.76953125 0.23125 0.2546875
16 0.3359375 0.66015625 0.184375 0.27734375
16 0.15546875 0.3359375 0.175 0.3
16 0.6171875 0.3125 0.184375 0.24375
