6 0.23046875 0.7265625 0.15625 0.203125
7 0.4 0.765625 0.1609375 0.21875
7 0.3125 0.54140625 0.1328125 0.1671875
7 0.5015625 0.57578125 0.2 0.19375
7 0.45703125 0.48984375 0.09375 0.0734375
7 0.359375 0.4140625 0.109375 0.140625
6 0.671875 0.68984375 0.1484375 0.1921875
6 0.453125 0.37265625 0.0859375 0.13125
6 0.540625 0.4140625 0.0984375 0.13125
6 0.6421875 0.4921875 0.1375 0.1828125
6 0.78515625 0.4765625 0.1328125 0.1828125
6 0.7640625 0.3671875 0.1296875 0.13125
6 0.7515625 0.296875 0.0984375 0.09375
6 0.640625 0.33046875 0.09375 0.1
6 0.63671875 0.39296875 0.109375 0.078125