16 0.21328125 0.053125 0.071875 0.1
16 0.12265625 0.03203125 0.059375 0.0609375
16 0.1671875 0.10390625 0.05625 0.0890625
16 0.2515625 0.2046875 0.06875 0.1171875
16 0.17734375 0.26875 0.0578125 0.115625
16 0.18046875 0.4765625 0.0890625 0.11875
16 0.37109375 0.6125 0.0859375 0.1
16 0.05078125 0.74921875 0.0828125 0.1140625
16 0.2875 0.49296875 0.0859375 0.1109375
16 0.32578125 0.415625 0.0765625 0.103125
16 0.49140625 0.615625 0.0875 0.11875
16 0.16796875 0.66875 0.0859375 0.1109375
16 0.1875 0.8421875 0.071875 0.096875
16 0.1390625 0.88046875 0.0828125 0.096875
16 0.44375 0.34453125 0.0796875 0.09375
16 0.4484375 0.26796875 0.0828125 0.0984375
