16 0.49140625 0.4828125 0.0671875 0.1
16 0.475 0.3859375 0.0390625 0.065625
16 0.50546875 0.08359375 0.06015625 0.10703125
16 0.25625 0.21953125 0.028125 0.05390625
16 0.64609375 0.33359375 0.040625 0.07421875
16 0.6671875 0.24609375 0.03828125 0.06796875
16 0.6265625 0.24765625 0.03984375 0.059375
16 0.6296875 0.18203125 0.02890625 0.0546875
16 0.8046875 0.12265625 0.05078125 0.07578125
16 0.74140625 0.18515625 0.0390625 0.05078125
16 0.7296875 0.109375 0.025 0.05390625
16 0.153125 0.2109375 0.03125 0.07578125
16 0.14453125 0.403125 0.0328125 0.0609375
16 0.1015625 0.27890625 0.03046875 0.0546875
16 0.16015625 0.059375 0.03828125 0.06640625
16 0.06953125 0.35078125 0.0140625 0.03203125
16 0.0921875 0.3875 0.01640625 0.0265625
16 0.025 0.2640625 0.0125 0.02109375
16 0.04609375 0.13203125 0.01640625 0.03359375
16 0.46015625 0.1484375 0.03671875 0.065625
16 0.440625 0.18359375 0.03828125 0.05546875
