16 0.2125 0.04921875 0.071875 0.0984375
16 0.12265625 0.0296875 0.059375 0.059375
16 0.165625 0.10078125 0.05625 0.0890625
16 0.24921875 0.2 0.06875 0.115625
16 0.17421875 0.265625 0.05625 0.115625
16 0.175 0.4734375 0.0875 0.1171875
16 0.3640625 0.60625 0.0859375 0.0984375
16 0.0421875 0.7484375 0.08125 0.1125
16 0.28203125 0.48828125 0.084375 0.1109375
16 0.32109375 0.41015625 0.0765625 0.1015625
16 0.484375 0.60703125 0.0859375 0.1171875
16 0.16015625 0.665625 0.084375 0.1109375
16 0.178125 0.8390625 0.071875 0.096875
16 0.12890625 0.878125 0.08125 0.096875
16 0.43984375 0.33671875 0.078125 0.09375
16 0.4453125 0.26015625 0.0828125 0.0984375
