16 0.27578125 0.46484375 0.1171875 0.10703125
16 0.4234375 0.45390625 0.09296875 0.08828125
16 0.5140625 0.4875 0.1 0.08125
16 0.61015625 0.52109375 0.09140625 0.0859375
16 0.7109375 0.5515625 0.115625 0.1
16 0.72890625 0.4671875 0.10546875 0.06875
16 0.78203125 0.40703125 0.08984375 0.1
16 0.69921875 0.378125 0.08125 0.084375
16 0.61171875 0.3703125 0.09140625 0.0796875
16 0.30078125 0.36640625 0.10703125 0.0703125
16 0.296875 0.6140625 0.10546875 0.103125
16 0.3953125 0.653125 0.10390625 0.096875
16 0.50546875 0.65390625 0.1171875 0.08828125
16 0.60390625 0.64453125 0.103125 0.096875
16 0.44140625 0.56640625 0.1140625 0.08984375
16 0.353125 0.53203125 0.1140625 0.08984375
16 0.19609375 0.521875 0.11015625 0.09609375
