16 0.3828125 0.53671875 0.153125 0.2484375
16 0.54140625 0.609375 0.14765625 0.19375
16 0.6828125 0.61171875 0.14296875 0.2359375
16 0.71953125 0.4234375 0.16328125 0.24375
16 0.85703125 0.28046875 0.16875 0.1953125
16 0.83046875 0.6578125 0.16015625 0.2578125
16 0.59921875 0.82890625 0.18984375 0.25625
16 0.34296875 0.8046875 0.2 0.2140625
16 0.21328125 0.5796875 0.2 0.2625
16 0.50078125 0.18984375 0.190625 0.2390625
16 0.65390625 0.1921875 0.15390625 0.215625
16 0.15546875 0.315625 0.16796875 0.228125
16 0.17890625 0.83125 0.15859375 0.2078125
