16 0.40234375 0.34609375 0.0234375 0.04765625
16 0.421875 0.3734375 0.02421875 0.03984375
16 0.39765625 0.39375 0.021875 0.03984375
16 0.43203125 0.39609375 0.02578125 0.040625
16 0.4828125 0.38046875 0.0265625 0.0390625
16 0.4578125 0.365625 0.01953125 0.02890625
16 0.48359375 0.26875 0.0234375 0.04453125
16 0.52734375 0.3375 0.02734375 0.04140625
16 0.46640625 0.26796875 0.01328125 0.04140625
16 0.51328125 0.35390625 0.01796875 0.03046875
16 0.49453125 0.29765625 0.02109375 0.04296875
16 0.5359375 0.378125 0.02890625 0.03671875
16 0.5109375 0.3984375 0.028125 0.0390625
16 0.5609375 0.49921875 0.02578125 0.03671875
16 0.5890625 0.45546875 0.0265625 0.0328125
16 0.5484375 0.41484375 0.0265625 0.03671875
16 0.72109375 0.14765625 0.02421875 0.03671875
16 0.778125 0.33671875 0.0265625 0.03359375
16 0.7953125 0.4609375 0.0328125 0.04453125
16 0.83359375 0.38125 0.03046875 0.03984375
16 0.8453125 0.2859375 0.028125 0.03515625
16 0.77421875 0.25859375 0.021875 0.02265625
16 0.82578125 0.22578125 0.02265625 0.0375
16 0.81328125 0.18125 0.028125 0.04296875
16 0.80625 0.21328125 0.0203125 0.0203125
16 0.85 0.190625 0.03046875 0.040625
16 0.87265625 0.43359375 0.0203125 0.0265625
16 0.86640625 0.459375 0.01640625 0.028125
16 0.6515625 0.36015625 0.01796875 0.028125
16 0.6203125 0.33125 0.01640625 0.0265625
16 0.6140625 0.56796875 0.01640625 0.02421875
16 0.5921875 0.60078125 0.0171875 0.0265625
16 0.68203125 0.58203125 0.03515625 0.046875
16 0.71015625 0.60625 0.03203125 0.04765625
16 0.59609375 0.51015625 0.02265625 0.03125
16 0.8515625 0.3421875 0.03046875 0.0375
16 0.5171875 0.446875 0.0234375 0.0390625
16 0.428125 0.34375 0.02421875 0.03359375
