15 0.281250 0.705556 0.187500 0.333333
15 0.112500 0.747222 0.183333 0.327778
15 0.472917 0.733333 0.220833 0.366667
15 0.566667 0.463889 0.191667 0.305556
15 0.402083 0.158333 0.195833 0.294444
15 0.193750 0.150000 0.195833 0.244444
15 0.181250 0.394444 0.195833 0.288889
15 0.595833 0.200000 0.216667 0.255556
15 0.793750 0.055556 0.237500 0.100000
15 0.800000 0.194444 0.225000 0.200000
15 0.747917 0.425000 0.179167 0.294444
15 0.695833 0.713889 0.158333 0.338889
15 0.854167 0.705556 0.225000 0.366667
15 0.908333 0.425000 0.183333 0.294444
