12 0.49723 0.54428 0.224377 0.296433
12 0.582179 0.304428 0.268698 0.330873
12 0.805633 0.290898 0.207756 0.303813
12 0.703601 0.073186 0.240074 0.141451
12 0.947368 0.195572 0.103416 0.300123
12 0.951062 0.53444 0.09603 0.338253
12 0.790859 0.595326 0.266851 0.265683
12 0.848107 0.851169 0.202216 0.201722
12 0.685596 0.833948 0.207756 0.228782
12 0.539705 0.876999 0.156048 0.182042
12 0.362881 0.808118 0.275162 0.282903
12 0.247461 0.496925 0.234534 0.277983
12 0.340259 0.276138 0.226223 0.286593
12 0.23084 0.112546 0.175439 0.222632
12 0.425669 0.073186 0.217913 0.129151
12 0.114958 0.236162 0.213296 0.339483
12 0.074331 0.605166 0.133887 0.366544
12 0.091874 0.902829 0.181902 0.191882
