12 0.109192 0.207119 0.212481 0.185535
12 0.260504 0.339649 0.223425 0.26165
12 0.066212 0.389243 0.124299 0.197848
12 0.880998 0.535526 0.225173 0.219779
12 0.796538 0.786867 0.25261 0.207926
12 0.582486 0.460401 0.328814 0.224237
12 0.515447 0.241427 0.247154 0.263374
12 0.817886 0.272291 0.302439 0.234568
12 0.813821 0.072702 0.245528 0.142661
12 0.51626 0.068587 0.209756 0.096022
12 0.341463 0.20096 0.230894 0.160494
12 0.330894 0.54321 0.284553 0.205761
12 0.115447 0.537037 0.17561 0.240055
12 0.06748 0.755144 0.131707 0.215364
12 0.452639 0.7 0.207037 0.147429
12 0.269106 0.758573 0.193496 0.159122
12 0.191057 0.937586 0.271545 0.122085
12 0.638211 0.933471 0.258537 0.130316
12 0.93252 0.912894 0.131707 0.133059
12 0.612314 0.664 0.201624 0.208
12 0.478349 0.854857 0.250338 0.185143
12 0.20839 0.052 0.335589 0.104
