12 0.899458 0.08844 0.192195 0.17688
12 0.211986 0.559034 0.330948 0.288014
12 0.364043 0.302326 0.266547 0.27907
12 0.119857 0.298748 0.236136 0.304114
12 0.796959 0.416816 0.32737 0.307692
12 0.910555 0.639535 0.175313 0.223614
12 0.727191 0.616279 0.259392 0.223614
12 0.721825 0.872987 0.355993 0.250447
12 0.460644 0.752236 0.32737 0.323792
12 0.225403 0.830948 0.31127 0.280859
12 0.481216 0.462433 0.261181 0.277281
12 0.497317 0.185152 0.232558 0.248658
12 0.626118 0.043828 0.193202 0.084079
