12 0.520341 0.45021 0.219489 0.280505
12 0.670293 0.168303 0.188269 0.258065
12 0.886944 0.152875 0.188269 0.280505
12 0.74929 0.36115 0.181646 0.242637
12 0.842006 0.597475 0.17597 0.255259
12 0.965941 0.563815 0.066225 0.336606
12 0.906812 0.808555 0.175024 0.223001
12 0.773888 0.835203 0.128666 0.239832
12 0.659886 0.62202 0.182592 0.312763
12 0.493377 0.65568 0.137181 0.186536
12 0.622517 0.882188 0.177862 0.218794
12 0.414853 0.849229 0.197729 0.228612
12 0.203406 0.76648 0.172185 0.301543
12 0.32403 0.556802 0.188269 0.302945
12 0.30369 0.241935 0.141911 0.276297
12 0.1386 0.148668 0.205298 0.246844
12 0.065279 0.322581 0.128666 0.291725
12 0.115421 0.562412 0.196783 0.232819
12 0.224219 0.363955 0.126774 0.256662
12 0.3193 0.112903 0.167455 0.14446
12 0.078051 0.939691 0.146641 0.117812
12 0.090823 0.748247 0.155156 0.223001
12 0.483444 0.176017 0.160833 0.214586
