12 0.788764 0.57266 0.10241 0.180559
12 0.902928 0.644365 0.087762 0.192099
12 0.822112 0.165945 0.10852 0.254114
12 0.177575 0.481802 0.221045 0.321926
12 0.57208 0.515278 0.102969 0.216097
12 0.826625 0.733597 0.118759 0.156507
12 0.330897 0.733387 0.229274 0.400608
12 0.670552 0.699226 0.120039 0.187736
12 0.577781 0.899782 0.106822 0.180436
12 0.712199 0.895695 0.138908 0.18861
12 0.850691 0.904284 0.117601 0.171431
12 0.952369 0.858762 0.085262 0.225972
12 0.846904 0.399731 0.097577 0.164199
12 0.912706 0.214563 0.095053 0.153398
