12 0.165214 0.590698 0.236269 0.4
12 0.362685 0.55969 0.1517 0.294574
12 0.799913 0.686047 0.309503 0.407752
12 0.527027 0.674419 0.190933 0.322481
12 0.571491 0.882946 0.238012 0.227907
12 0.29381 0.848062 0.158675 0.272868
12 0.463383 0.202326 0.211857 0.367442
12 0.625109 0.241085 0.207498 0.404651
12 0.298169 0.126357 0.146469 0.224806
12 0.191369 0.172093 0.122929 0.269767
12 0.062772 0.377519 0.123801 0.370543
12 0.163034 0.800775 0.109852 0.162791
12 0.131212 0.889922 0.150828 0.189147
12 0.726678 0.437209 0.164778 0.179845
12 0.877942 0.375969 0.16565 0.215504
12 0.82694 0.263566 0.150828 0.151938
12 0.768963 0.108527 0.158675 0.19845
