12 0.517791 0.441712 0.235583 0.253188
12 0.352147 0.543716 0.265031 0.264117
12 0.323926 0.269581 0.137423 0.211293
12 0.484049 0.174863 0.133742 0.20765
12 0.7 0.163934 0.18773 0.229508
12 0.895706 0.134791 0.179141 0.265938
12 0.752761 0.332423 0.146012 0.264117
12 0.828221 0.551913 0.134969 0.302368
12 0.646012 0.632969 0.158282 0.311475
12 0.965031 0.557377 0.067485 0.335155
12 0.922086 0.808743 0.153374 0.218579
12 0.779755 0.854281 0.111656 0.182149
12 0.62454 0.881603 0.161963 0.204007
12 0.419018 0.823315 0.168098 0.178506
12 0.203067 0.791439 0.182822 0.271403
12 0.141104 0.547359 0.159509 0.198543
12 0.059509 0.338798 0.116564 0.342441
12 0.131288 0.138434 0.245399 0.251366
12 0.081595 0.747723 0.121472 0.209472
12 0.07362 0.942623 0.132515 0.111111
