12 0.375112 0.497006 0.044025 0.134132
12 0.333783 0.611377 0.090746 0.132934
12 0.169811 0.612575 0.068284 0.125749
12 0.530997 0.52515 0.082659 0.137725
12 0.439353 0.483832 0.062893 0.122156
12 0.560198 0.411377 0.060198 0.092216
12 0.614555 0.692216 0.071878 0.141317
12 0.672058 0.637725 0.059299 0.166467
12 0.754268 0.658683 0.103324 0.141317
12 0.876909 0.58982 0.077269 0.108982
12 0.804582 0.754491 0.067385 0.162874
12 0.898023 0.81976 0.101527 0.147305
12 0.97035 0.786228 0.057502 0.123353
12 0.710243 0.788623 0.081761 0.130539
12 0.21743 0.605389 0.068284 0.130539
12 0.297394 0.67485 0.086253 0.130539
