12 0.752441 0.559889 0.428173 0.830084
12 0.232299 0.513592 0.14258 0.254369
12 0.316198 0.305825 0.14161 0.238835
12 0.328322 0.072816 0.109602 0.141748
12 0.207081 0.066019 0.107662 0.128155
12 0.072745 0.125243 0.14355 0.246602
12 0.148885 0.356311 0.115422 0.219417
12 0.039767 0.367961 0.077595 0.184466
12 0.07226 0.549515 0.127061 0.186408
12 0.062561 0.775728 0.123181 0.281553
12 0.182347 0.735922 0.14549 0.221359
12 0.317653 0.882524 0.14258 0.196117
12 0.174588 0.893204 0.122211 0.159223
12 0.415616 0.735922 0.13676 0.275728
12 0.315713 0.64466 0.14646 0.23301
12 0.384578 0.415534 0.101843 0.295146
12 0.454898 0.254369 0.073715 0.221359
