12 0.680394 0.212955 0.200894 0.227497
12 0.504364 0.452547 0.213574 0.234764
12 0.746721 0.449368 0.213611 0.21574
12 0.934317 0.493344 0.117379 0.194594
12 0.299202 0.545623 0.204154 0.196625
12 0.450908 0.671331 0.123349 0.164565
12 0.635699 0.673833 0.237885 0.220553
12 0.847294 0.680981 0.153155 0.185182
12 0.280466 0.720322 0.194021 0.183081
12 0.746586 0.836552 0.212703 0.206229
12 0.204077 0.325883 0.28927 0.235457
12 0.429493 0.876016 0.250622 0.234635
12 0.165041 0.573643 0.128455 0.148837
