12 0.709388 0.070339 0.319892 0.140678
12 0.617844 0.221385 0.222921 0.253667
12 0.905436 0.216147 0.17246 0.212526
12 0.208077 0.934298 0.249121 0.114737
12 0.243726 0.100753 0.283713 0.200399
12 0.070101 0.24399 0.140201 0.273415
12 0.372723 0.273193 0.265723 0.271915
12 0.169354 0.509583 0.33777 0.395811
12 0.776781 0.516583 0.347556 0.382215
12 0.41191 0.614576 0.346748 0.379244
12 0.74626 0.813761 0.252518 0.26941
12 0.134688 0.826268 0.269375 0.252122
12 0.495669 0.880135 0.356573 0.223063
12 0.877394 0.901761 0.228546 0.179812
