12 0.440808 0.360515 0.188643 0.268956
12 0.348893 0.16309 0.126083 0.200286
12 0.202117 0.166667 0.094321 0.147353
12 0.151107 0.40701 0.150144 0.296137
12 0.291145 0.393419 0.106833 0.171674
12 0.170837 0.772532 0.19153 0.280401
12 0.3359 0.924177 0.171319 0.148784
12 0.588547 0.866953 0.174206 0.263233
12 0.770934 0.848355 0.173244 0.243205
12 0.642445 0.686695 0.083734 0.174535
12 0.769009 0.618026 0.123195 0.263233
12 0.853705 0.532904 0.090472 0.164521
12 0.731473 0.393419 0.084697 0.1402
12 0.788258 0.211016 0.12897 0.218884
12 0.8436 0.40701 0.089509 0.107296
