12 0.607603 0.47474 0.106035 0.183978
12 0.658376 0.355725 0.061929 0.164885
12 0.758883 0.419847 0.076142 0.149618
12 0.860914 0.377863 0.083249 0.151145
12 0.899492 0.206107 0.056853 0.149618
12 0.635533 0.780153 0.062944 0.146565
12 0.709137 0.696947 0.055838 0.141985
12 0.575635 0.651908 0.052792 0.112977
12 0.474112 0.423664 0.064975 0.135878
12 0.340609 0.322901 0.055838 0.117557
12 0.268528 0.332824 0.051777 0.119084
12 0.188325 0.306107 0.076142 0.154198
12 0.084264 0.775573 0.058883 0.08855
12 0.054315 0.654198 0.055838 0.108397
