12 0.667825 0.340954 0.153923 0.131213
12 0.838133 0.332008 0.111221 0.10338
12 0.939921 0.264414 0.118173 0.117296
12 0.612711 0.145129 0.087388 0.081511
12 0.285501 0.186382 0.090367 0.090457
12 0.297378 0.067342 0.089392 0.06317
12 0.156138 0.125745 0.107271 0.122765
12 0.507151 0.409416 0.165673 0.153754
12 0.362336 0.687723 0.0882 0.071514
12 0.497616 0.762217 0.146603 0.141836
12 0.303337 0.79857 0.098927 0.092968
12 0.173421 0.570322 0.098927 0.084625
12 0.028605 0.925507 0.054827 0.072706
