12 0.387075 0.530917 0.292517 0.371002
12 0.428571 0.16951 0.253061 0.317697
12 0.589796 0.335821 0.208163 0.360341
12 0.814286 0.249467 0.262585 0.353945
12 0.939456 0.528785 0.118367 0.315565
12 0.795918 0.773987 0.280272 0.328358
12 0.729252 0.541578 0.195918 0.234542
12 0.539456 0.607676 0.129252 0.217484
12 0.515646 0.846482 0.255782 0.277186
12 0.208163 0.862473 0.217687 0.206823
12 0.048299 0.811301 0.093878 0.343284
12 0.127211 0.410448 0.251701 0.36887
12 0.052381 0.122601 0.102041 0.164179
