12 0.337695 0.180414 0.157494 0.231932
12 0.266866 0.562337 0.126301 0.271977
12 0.834316 0.547419 0.126179 0.270212
12 0.412498 0.55068 0.15443 0.353737
12 0.648376 0.516966 0.136618 0.207585
12 0.530795 0.542914 0.118701 0.323353
12 0.758119 0.927146 0.170213 0.141717
12 0.941209 0.751497 0.115342 0.249501
12 0.708287 0.711577 0.106383 0.209581
12 0.18477 0.859281 0.217245 0.225549
12 0.103583 0.518962 0.162374 0.367265
12 0.183651 0.248503 0.161254 0.277445
12 0.075588 0.128743 0.148936 0.213573
