12 0.405289 0.576876 0.360394 0.319803
12 0.164207 0.519065 0.325953 0.378844
12 0.388684 0.293358 0.206642 0.230012
12 0.267528 0.111931 0.271833 0.196802
12 0.079336 0.214637 0.146371 0.183272
12 0.593481 0.225707 0.237392 0.274293
12 0.692497 0.077491 0.263223 0.154982
12 0.895449 0.196187 0.189422 0.244772
12 0.795203 0.528905 0.382534 0.388684
12 0.741082 0.805043 0.286593 0.276753
12 0.873309 0.889299 0.218942 0.196802
12 0.521525 0.879459 0.415744 0.238622
12 0.142066 0.870234 0.281673 0.257073
