12 0.286784 0.600775 0.111894 0.184496
12 0.299119 0.410853 0.097797 0.136434
12 0.287665 0.108527 0.071366 0.127132
12 0.35022 0.306202 0.05022 0.088372
12 0.449339 0.616279 0.09163 0.175194
12 0.375771 0.784496 0.111894 0.148837
12 0.344053 0.624806 0.10837 0.19845
12 0.225551 0.786822 0.112775 0.162791
12 0.18326 0.652713 0.142731 0.19845
12 0.073128 0.588372 0.081057 0.125581
12 0.036564 0.766667 0.071366 0.147287
12 0.076211 0.555039 0.129515 0.217054
12 0.687225 0.648837 0.176211 0.317829
12 0.889427 0.635659 0.173568 0.393798
12 0.851542 0.236434 0.162996 0.249612
12 0.924229 0.404651 0.140969 0.207752
12 0.692952 0.336434 0.129515 0.235659
12 0.591189 0.513178 0.140969 0.269767
12 0.777533 0.45969 0.143612 0.172093
12 0.685903 0.221705 0.147137 0.186047
