12 0.464668 0.481799 0.111349 0.115632
12 0.578158 0.519272 0.188437 0.117773
12 0.710657 0.659851 0.068154 0.100372
12 0.789963 0.651177 0.130112 0.122677
12 0.913879 0.651797 0.115242 0.099133
12 0.376084 0.477695 0.05824 0.065675
12 0.3228 0.607807 0.125155 0.085502
12 0.169765 0.604089 0.089219 0.07311
12 0.066914 0.606568 0.118959 0.122677
12 0.282528 0.692689 0.101611 0.138786
12 0.610905 0.417596 0.104089 0.089219
12 0.824659 0.803594 0.095415 0.11772
12 0.954151 0.793061 0.081784 0.148699
