12 0.466515 0.568088 0.177072 0.236589
12 0.49773 0.30055 0.141884 0.210454
12 0.399546 0.202201 0.131669 0.148556
12 0.253121 0.145805 0.183882 0.225585
12 0.172531 0.307428 0.190692 0.185695
12 0.349035 0.418157 0.169126 0.198074
12 0.209989 0.502063 0.179342 0.203576
12 0.308173 0.620358 0.110102 0.13205
12 0.404086 0.751719 0.181612 0.171939
12 0.509648 0.896836 0.136209 0.176066
12 0.594779 0.770977 0.133939 0.182944
12 0.641884 0.617607 0.148695 0.200825
12 0.779228 0.535763 0.150965 0.19945
12 0.644722 0.391334 0.206583 0.185695
12 0.833144 0.339065 0.199773 0.204952
12 0.774688 0.158184 0.173666 0.184319
12 0.625993 0.171252 0.150965 0.202201
