12 0.710742 0.064313 0.35283 0.12841
12 0.232472 0.101518 0.313813 0.203036
12 0.623129 0.226805 0.249352 0.255469
12 0.357378 0.279289 0.282374 0.261643
12 0.757167 0.817299 0.282574 0.255961
12 0.130448 0.853333 0.25459 0.213521
12 0.905608 0.173309 0.17695 0.334589
12 0.171812 0.521691 0.341321 0.363809
12 0.795232 0.524544 0.397702 0.364061
12 0.423141 0.608453 0.359398 0.349502
12 0.485578 0.878674 0.389113 0.23154
12 0.865942 0.913154 0.256282 0.16258
12 0.191736 0.939535 0.267769 0.114729
