12 0.447442 0.480865 0.08186 0.189684
12 0.552093 0.33777 0.067907 0.166389
12 0.617674 0.424293 0.089302 0.123128
12 0.705116 0.352745 0.085581 0.173045
12 0.769302 0.503328 0.106047 0.207987
12 0.845116 0.610649 0.097674 0.173045
12 0.863256 0.358569 0.098605 0.184692
12 0.961395 0.640599 0.075349 0.1797
12 0.940465 0.780366 0.068837 0.156406
12 0.623721 0.672213 0.069767 0.1797
12 0.54 0.718802 0.077209 0.1797
12 0.509302 0.574875 0.088372 0.161398
12 0.209302 0.522463 0.053953 0.126456
12 0.28 0.396007 0.053953 0.123128
12 0.347907 0.373544 0.046512 0.121464
12 0.31907 0.283694 0.074419 0.131448
12 0.385581 0.594842 0.047442 0.134775
12 0.388837 0.714642 0.052093 0.114809
12 0.350233 0.476705 0.069767 0.138103
12 0.308372 0.515807 0.054884 0.1198
12 0.196279 0.613977 0.04093 0.143095
12 0.253953 0.59817 0.052093 0.12812
12 0.161395 0.509151 0.051163 0.106489
12 0.153953 0.394343 0.056744 0.123128
12 0.105116 0.510815 0.059535 0.096506
12 0.114884 0.339434 0.047442 0.086522
