12 0.557489 0.221115 0.270879 0.193942
12 0.779479 0.367203 0.205898 0.194848
12 0.537975 0.392554 0.234591 0.205572
12 0.342265 0.45548 0.201477 0.141997
12 0.127817 0.543203 0.176888 0.155203
12 0.353075 0.593298 0.179945 0.167069
12 0.66855 0.564074 0.212629 0.196942
12 0.880857 0.589068 0.164389 0.21083
12 0.224014 0.680901 0.192952 0.199769
12 0.536719 0.712757 0.213184 0.223614
12 0.744768 0.816934 0.207905 0.188494
12 0.227568 0.318887 0.171651 0.174644
12 0.381014 0.788486 0.096229 0.16947
12 0.580624 0.884217 0.170351 0.102199
