12 0.496689 0.148936 0.162725 0.192908
12 0.719489 0.434043 0.114475 0.17305
12 0.63245 0.292908 0.099338 0.171631
12 0.620151 0.506383 0.167455 0.192908
12 0.526017 0.328369 0.140019 0.140426
12 0.414853 0.426241 0.108798 0.180142
12 0.468307 0.414894 0.092715 0.134752
12 0.425733 0.613475 0.092715 0.182979
12 0.354778 0.543972 0.068117 0.112057
12 0.291391 0.553901 0.064333 0.080851
12 0.194418 0.524823 0.106906 0.147518
12 0.241722 0.38227 0.135289 0.148936
12 0.306528 0.442553 0.102176 0.121986
12 0.351939 0.304965 0.113529 0.116312
