12 0.567295 0.413765 0.208614 0.306799
12 0.366756 0.444444 0.179004 0.199005
12 0.185061 0.454395 0.181696 0.185738
12 0.281965 0.246269 0.17362 0.230514
12 0.439435 0.187396 0.168237 0.199005
12 0.600269 0.167496 0.228802 0.238806
12 0.808883 0.166667 0.250336 0.227197
12 0.910498 0.333333 0.168237 0.242123
12 0.724764 0.414594 0.15747 0.228856
12 0.858681 0.580431 0.185734 0.215589
12 0.964334 0.634328 0.068641 0.230514
12 0.921265 0.83665 0.154778 0.207297
12 0.773217 0.811774 0.179004 0.21393
12 0.580754 0.815091 0.15747 0.243781
12 0.656124 0.651741 0.192463 0.159204
12 0.464334 0.629353 0.199192 0.320066
12 0.381561 0.844113 0.184388 0.182421
12 0.181023 0.823383 0.23284 0.20398
12 0.295424 0.646766 0.195155 0.199005
12 0.108345 0.661692 0.141319 0.199005
12 0.07537 0.807629 0.13459 0.235489
12 0.041723 0.471808 0.080754 0.263682
12 0.100942 0.219735 0.199192 0.343284
12 0.306864 0.067164 0.172275 0.124378
12 0.505384 0.03068 0.165545 0.058043
