12 0.798758 0.523602 0.360248 0.393789
12 0.507453 0.879503 0.373913 0.238509
12 0.412422 0.611801 0.332919 0.398758
12 0.162733 0.513665 0.308075 0.386335
12 0.375155 0.273913 0.273292 0.29441
12 0.618012 0.222981 0.204969 0.274534
12 0.716149 0.075776 0.277019 0.149068
12 0.23354 0.101242 0.320497 0.195031
12 0.070186 0.234783 0.12795 0.295652
12 0.137888 0.83354 0.273292 0.275776
12 0.747826 0.837888 0.223602 0.267081
12 0.88323 0.899379 0.206211 0.198758
12 0.909938 0.21677 0.17764 0.239752
