12 0.342168 0.64527 0.103929 0.132671
12 0.150698 0.277269 0.111693 0.275718
12 0.734886 0.276973 0.12882 0.254908
12 0.252845 0.344229 0.126851 0.193013
12 0.430426 0.361094 0.161625 0.242081
12 0.599018 0.375308 0.106594 0.199618
12 0.702827 0.463285 0.112629 0.145203
12 0.099682 0.543609 0.155911 0.256942
12 0.349321 0.513539 0.107219 0.131966
12 0.225826 0.571801 0.075963 0.132174
12 0.534643 0.584598 0.168251 0.238103
12 0.678135 0.615504 0.099265 0.154696
12 0.785611 0.625762 0.150693 0.288165
12 0.141811 0.71913 0.122703 0.186219
12 0.42951 0.792879 0.150847 0.203587
12 0.273227 0.831103 0.15486 0.275231
12 0.585966 0.867137 0.1167 0.164605
12 0.835465 0.383825 0.092072 0.179718
