12 0.076707 0.667944 0.082225 0.107508
12 0.843158 0.118876 0.133987 0.155472
12 0.430532 0.219609 0.197989 0.288281
12 0.615316 0.219454 0.137133 0.187426
12 0.173731 0.363174 0.139197 0.198163
12 0.535065 0.482077 0.189614 0.262121
12 0.308993 0.491604 0.181489 0.333762
12 0.828391 0.530134 0.137205 0.242308
12 0.623391 0.632885 0.14635 0.159266
12 0.215049 0.571174 0.070347 0.115065
12 0.737311 0.735469 0.122885 0.154211
12 0.055654 0.883155 0.109528 0.219454
12 0.682992 0.256228 0.140695 0.227758
