12 0.444499 0.366106 0.224927 0.225097
12 0.351509 0.182406 0.151899 0.22251
12 0.190847 0.184994 0.091529 0.137128
12 0.119279 0.387451 0.139241 0.221216
12 0.255599 0.383571 0.108082 0.161708
12 0.256086 0.617076 0.122687 0.163001
12 0.12999 0.76132 0.195716 0.244502
12 0.334956 0.929495 0.155794 0.138422
12 0.607108 0.874515 0.238559 0.248383
12 0.650438 0.666882 0.109056 0.156533
12 0.802337 0.856404 0.192795 0.284605
12 0.805745 0.604787 0.156767 0.267788
12 0.885102 0.512937 0.093476 0.221216
12 0.748783 0.373868 0.099318 0.152652
12 0.820837 0.225097 0.149951 0.165589
12 0.893379 0.0511 0.137293 0.099612
