12 0.39451 0.628058 0.227126 0.31223
12 0.265339 0.405755 0.181916 0.233094
12 0.487621 0.334532 0.200215 0.283453
12 0.717438 0.292086 0.231432 0.302158
12 0.900431 0.317986 0.173305 0.279137
12 0.870291 0.601439 0.246502 0.296403
12 0.639397 0.592086 0.206674 0.283453
12 0.730893 0.84964 0.22605 0.228777
12 0.928418 0.889928 0.141012 0.217266
12 0.567815 0.9 0.289559 0.197122
12 0.273412 0.907914 0.241119 0.181295
12 0.1507 0.71223 0.200215 0.319424
12 0.072659 0.469065 0.143165 0.284892
12 0.101722 0.165468 0.201292 0.293525
12 0.317546 0.138849 0.215285 0.211511
12 0.509688 0.096403 0.20775 0.169784
12 0.851991 0.084173 0.293864 0.136691
