12 0.602955 0.890686 0.197599 0.216041
12 0.778393 0.865459 0.169898 0.266494
12 0.657895 0.694049 0.113573 0.172057
12 0.785319 0.609961 0.139428 0.223803
12 0.871191 0.529754 0.0988 0.187581
12 0.862881 0.406856 0.089566 0.102199
12 0.736842 0.392626 0.116343 0.172057
12 0.792705 0.230272 0.141274 0.214748
12 0.485688 0.258732 0.140351 0.150065
12 0.438135 0.373868 0.168975 0.230272
12 0.335642 0.166882 0.122807 0.199224
12 0.176824 0.148771 0.10434 0.165589
12 0.116805 0.395213 0.152355 0.247089
12 0.266851 0.390686 0.125577 0.181113
12 0.141736 0.759379 0.213296 0.292367
12 0.320406 0.92238 0.21422 0.152652
12 0.309326 0.767788 0.175439 0.184994
