12 0.469921 0.665247 0.174801 0.260647
12 0.737798 0.491482 0.1521 0.274276
12 0.836549 0.680579 0.14983 0.206133
12 0.607832 0.668654 0.123723 0.20954
12 0.568104 0.437819 0.166856 0.228279
12 0.49319 0.281942 0.155505 0.206133
12 0.416572 0.448041 0.131669 0.149915
12 0.337117 0.37138 0.131669 0.170358
12 0.254824 0.307496 0.137344 0.120954
12 0.220204 0.446337 0.129398 0.156729
12 0.131101 0.454855 0.091941 0.105622
12 0.153235 0.65247 0.145289 0.245315
12 0.292281 0.63799 0.173666 0.294719
12 0.72361 0.68569 0.07605 0.117547
