12 0.499606 0.534829 0.144996 0.243211
12 0.640662 0.556671 0.144996 0.187721
12 0.662333 0.736718 0.161545 0.224321
12 0.773444 0.687131 0.122143 0.12987
12 0.774626 0.540142 0.122931 0.145218
12 0.758471 0.424439 0.109535 0.09327
12 0.646572 0.403188 0.125296 0.109799
12 0.656028 0.308146 0.109535 0.085006
12 0.581166 0.192444 0.107959 0.146399
12 0.532309 0.337072 0.125296 0.114522
12 0.391647 0.300472 0.108747 0.149941
12 0.404649 0.453955 0.066982 0.116883
12 0.314027 0.398465 0.111111 0.102715
12 0.334121 0.527745 0.111899 0.158205
12 0.238377 0.522432 0.090623 0.152302
12 0.271474 0.72314 0.156816 0.225502
12 0.418834 0.679457 0.125296 0.227863
12 0.502758 0.763282 0.132388 0.206612
12 0.368794 0.83353 0.113475 0.11098
