12 0.804653 0.804651 0.239684 0.260465
12 0.827919 0.567442 0.200176 0.285271
12 0.809482 0.451938 0.215979 0.255814
12 0.751536 0.204651 0.170325 0.24186
12 0.531168 0.216279 0.147498 0.271318
12 0.586479 0.40155 0.126427 0.20155
12 0.63784 0.654264 0.174715 0.257364
12 0.532046 0.813953 0.166813 0.210853
12 0.464004 0.679845 0.178227 0.246512
12 0.356453 0.303876 0.219491 0.263566
12 0.123354 0.524806 0.208077 0.227907
12 0.306409 0.624031 0.152766 0.252713
12 0.342406 0.903876 0.205443 0.186047
12 0.192274 0.827132 0.166813 0.212403
12 0.108867 0.353488 0.18086 0.167442
