12 0.153536 0.756267 0.153089 0.481894
12 0.370636 0.229805 0.171889 0.409471
12 0.247538 0.277159 0.136974 0.387187
12 0.117278 0.185237 0.186213 0.35376
12 0.075201 0.667131 0.125336 0.476323
12 0.307968 0.795265 0.093107 0.275766
12 0.408684 0.793872 0.147717 0.406685
12 0.384064 0.536212 0.168308 0.303621
12 0.516562 0.252089 0.127126 0.442897
12 0.604745 0.600279 0.176365 0.470752
12 0.652641 0.866295 0.153984 0.261838
12 0.820501 0.70195 0.15846 0.48468
12 0.761862 0.462396 0.130707 0.373259
12 0.658013 0.194986 0.121755 0.300836
12 0.831692 0.129526 0.161146 0.253482
12 0.950761 0.346797 0.096688 0.454039
12 0.89615 0.272981 0.127126 0.311978
12 0.963742 0.789694 0.070725 0.359331
