12 0.090546 0.111391 0.17769 0.222783
12 0.912125 0.252462 0.162506 0.198724
12 0.729939 0.415506 0.289211 0.239445
12 0.926614 0.494096 0.133528 0.246699
12 0.109768 0.646407 0.21019 0.194083
12 0.131592 0.93674 0.255316 0.115409
12 0.729354 0.934416 0.344565 0.120056
12 0.384762 0.080044 0.412677 0.160089
12 0.770608 0.124888 0.342333 0.249775
12 0.503335 0.318164 0.288706 0.246879
12 0.178923 0.402444 0.341958 0.299116
12 0.426226 0.611508 0.374756 0.315233
12 0.7499 0.718175 0.369343 0.301627
12 0.15604 0.793743 0.293055 0.219377
12 0.409541 0.918404 0.289709 0.152081
