12 0.475856 0.455245 0.09924 0.13512
12 0.596933 0.461002 0.116101 0.130542
12 0.541825 0.356899 0.068441 0.112885
12 0.6977 0.384236 0.097481 0.141215
12 0.694688 0.28202 0.070646 0.112479
12 0.626232 0.31486 0.06736 0.1289
12 0.698795 0.603448 0.077766 0.119869
12 0.786145 0.591544 0.066265 0.122332
12 0.586254 0.600164 0.054217 0.095238
12 0.627601 0.561576 0.075575 0.1133
12 0.590635 0.73358 0.082694 0.143678
12 0.518072 0.607143 0.075575 0.146962
12 0.492881 0.773399 0.072289 0.129721
12 0.411555 0.707718 0.093647 0.131363
12 0.364184 0.471675 0.065717 0.089491
12 0.296002 0.474548 0.094743 0.187192
12 0.237404 0.718391 0.08379 0.116585
12 0.289157 0.659688 0.054765 0.087849
12 0.308324 0.743432 0.070099 0.114122
12 0.332072 0.851064 0.083254 0.13617
12 0.405866 0.84539 0.087039 0.087943
