12 0.119926 0.100632 0.159215 0.184155
12 0.358266 0.075263 0.134438 0.130776
12 0.446647 0.168113 0.099169 0.310792
12 0.035756 0.253431 0.071511 0.271338
12 0.3053 0.220813 0.115044 0.251176
12 0.66381 0.222714 0.271387 0.422635
12 0.18384 0.268761 0.136718 0.274668
12 0.081566 0.511268 0.162208 0.407346
12 0.391188 0.515462 0.177033 0.36794
12 0.56215 0.483772 0.122229 0.444086
12 0.209072 0.610618 0.16742 0.392811
12 0.745087 0.637161 0.232308 0.459567
12 0.372252 0.79986 0.133775 0.256546
12 0.064739 0.822953 0.129478 0.254919
12 0.60001 0.787336 0.147819 0.302925
12 0.247169 0.872243 0.189572 0.235514
12 0.432719 0.896658 0.114924 0.186685
12 0.905605 0.402942 0.17879 0.605737
