12 0.558915 0.462517 0.230542 0.298827
12 0.711404 0.636102 0.160838 0.184597
12 0.917904 0.619007 0.155303 0.23142
12 0.493294 0.717586 0.169896 0.201192
12 0.277198 0.669151 0.184799 0.154993
12 0.359911 0.515648 0.153502 0.169896
12 0.26304 0.359911 0.174367 0.210134
12 0.941133 0.362891 0.114754 0.207154
12 0.068554 0.338301 0.134128 0.19076
12 0.0693 0.699702 0.135618 0.225037
12 0.206408 0.823398 0.210134 0.210134
12 0.739195 0.848733 0.119225 0.126677
12 0.564829 0.961997 0.065574 0.073025
12 0.462742 0.964978 0.084948 0.067064
