12 0.746311 0.751278 0.22588 0.316865
12 0.541998 0.793867 0.219069 0.272572
12 0.446084 0.499148 0.211124 0.211244
12 0.492622 0.349233 0.133939 0.136286
12 0.657208 0.511073 0.208854 0.211244
12 0.822361 0.517888 0.116913 0.153322
12 0.892736 0.768313 0.148695 0.248722
12 0.5 0.230835 0.137344 0.189097
12 0.648695 0.379898 0.139614 0.126065
12 0.337684 0.352641 0.137344 0.085179
12 0.26277 0.484668 0.119183 0.182283
12 0.263337 0.668654 0.177072 0.148211
12 0.343927 0.837308 0.15437 0.192504
12 0.198638 0.821124 0.136209 0.173765
