10 0.4857499897480011 0.5176249742507935 0.19578701257705688 0.2486090362071991
10 0.7199500203132629 0.5176249742507935 0.23544001579284668 0.20037102699279785
10 0.8457249999046326 0.7309830188751221 0.25154900550842285 0.25602996349334717
10 0.5892189741134644 0.7467529773712158 0.28872397541999817 0.2875699996948242
10 0.36741000413894653 0.7634509801864624 0.27137503027915955 0.24675297737121582
10 0.2608430087566376 0.5473099946975708 0.25154900550842285 0.2411869764328003
10 0.1251550018787384 0.7560300230979919 0.24535298347473145 0.2615959644317627
10 0.06381700932979584 0.5519480109214783 0.1251550018787384 0.18367302417755127
10 0.11276300251483917 0.3413729965686798 0.22304800152778625 0.18181800842285156
10 0.25402700901031494 0.15120600163936615 0.255266010761261 0.21335801482200623
10 0.387237012386322 0.3191089928150177 0.22924399375915527 0.18181800842285156
10 0.5130109786987305 0.13079799711704254 0.23544001579284668 0.1910949945449829
10 0.7193310260772705 0.1419290006160736 0.17224299907684326 0.12430399656295776
10 0.8240399956703186 0.3191089928150177 0.22056996822357178 0.16697601974010468
10 0.6022300124168396 0.3153989911079407 0.1957869529724121 0.17810799181461334
10 0.9095420241355896 0.1539890021085739 0.17843902111053467 0.1892389953136444
10 0.9231719970703125 0.5055660009384155 0.1511770486831665 0.1910949945449829
10 0.7026020288467407 0.9397029876708984 0.26517999172210693 0.1168830394744873
10 0.9244109988212585 0.9369199872016907 0.14869904518127441 0.12244904041290283
10 0.44733598828315735 0.9499070048332214 0.21809202432632446 0.09647500514984131
10 0.19392800331115723 0.956400990486145 0.2465919852256775 0.08348798751831055
10 0.050804995000362396 0.15491700172424316 0.09913299977779388 0.15769898891448975
