10 0.10486699640750885 0.24066400527954102 0.20723199844360352 0.2833629846572876
10 0.8822640180587769 0.23565000295639038 0.21451997756958008 0.28576499223709106
10 0.2957960069179535 0.2636150121688843 0.1870890110731125 0.2722330093383789
10 0.6250280141830444 0.34650298953056335 0.11575901508331299 0.21408098936080933
10 0.7492259740829468 0.35110801458358765 0.12661194801330566 0.21979999542236328
10 0.9011629819869995 0.5199229717254639 0.1919100284576416 0.26671695709228516
10 0.09543800354003906 0.5463449954986572 0.18904200196266174 0.2513909637928009
10 0.29367199540138245 0.563647985458374 0.19651299715042114 0.251816987991333
10 0.4978260397911072 0.5463910102844238 0.1949550211429596 0.30915701389312744
10 0.6999840140342712 0.5419139862060547 0.1937849521636963 0.28205204010009766
10 0.9261400103569031 0.8268499970436096 0.14195597171783447 0.28740596771240234
10 0.08097200095653534 0.8521230220794678 0.16092300415039062 0.24639999866485596
10 0.7192389965057373 0.8558589816093445 0.21558594703674316 0.2666059732437134
10 0.49933698773384094 0.8618209958076477 0.19841498136520386 0.2371079921722412
10 0.4988529682159424 0.25738298892974854 0.21292397379875183 0.3100910186767578
10 0.2788349986076355 0.8538380265235901 0.2214670181274414 0.25355303287506104
