10 0.6843478679656982 0.9107427000999451 0.18584135174751282 0.14518125355243683
10 0.768999457359314 0.787543535232544 0.20971012115478516 0.1679912507534027
10 0.794463038444519 0.6322118639945984 0.24578039348125458 0.19321303069591522
10 0.9027410745620728 0.6380313038825989 0.16118454933166504 0.21343554556369781
10 0.945824921131134 0.7931110262870789 0.0750168114900589 0.15686792135238647
10 0.8429850339889526 0.8563959002494812 0.2124912440776825 0.17880584299564362
10 0.8193896412849426 0.939297616481781 0.21336820721626282 0.08807142823934555
10 0.5494479537010193 0.9360946416854858 0.18349437415599823 0.09447742253541946
10 0.526231586933136 0.8527458906173706 0.1693265736103058 0.21582955121994019
10 0.6301432251930237 0.8207184672355652 0.13083049654960632 0.13729995489120483
10 0.6332098245620728 0.7415319681167603 0.21266579627990723 0.12808451056480408
10 0.6066285371780396 0.6325451135635376 0.1451185792684555 0.16056130826473236
