10 0.2933308184146881 0.18152888119220734 0.29930534958839417 0.36063674092292786
10 0.6683768630027771 0.3142164945602417 0.2357918918132782 0.44704270362854004
10 0.8823311924934387 0.2134360522031784 0.23206965625286102 0.3817715644836426
10 0.48110491037368774 0.4907934069633484 0.23382683098316193 0.38621267676353455
10 0.5399054884910583 0.08791148662567139 0.15459533035755157 0.17350709438323975
10 0.7199296951293945 0.6270917057991028 0.19133999943733215 0.25855690240859985
10 0.881304144859314 0.7844115495681763 0.2243477702140808 0.3239567279815674
10 0.915939211845398 0.5113955140113831 0.16485358774662018 0.1834622174501419
10 0.5997595191001892 0.8674414157867432 0.27063778042793274 0.26021525263786316
10 0.30470070242881775 0.6460802555084229 0.2367444932460785 0.32218268513679504
10 0.1021539494395256 0.372459352016449 0.18575693666934967 0.35070377588272095
10 0.07368198037147522 0.7383299469947815 0.1460801362991333 0.3333522379398346
10 0.17739814519882202 0.8794242739677429 0.25091609358787537 0.21308834850788116
