10 0.29328298568725586 0.1815599948167801 0.29895901679992676 0.3602840006351471
10 0.6684010028839111 0.3141840100288391 0.2355719804763794 0.44680896401405334
10 0.882686972618103 0.21347500383853912 0.23273396492004395 0.38155999779701233
10 0.48107898235321045 0.4907799959182739 0.23367998003959656 0.38581597805023193
10 0.5397350192070007 0.08794300258159637 0.15420997142791748 0.17305001616477966
10 0.7199620008468628 0.6269500255584717 0.19110703468322754 0.25815603137016296
10 0.8812680244445801 0.7843970060348511 0.2242189645767212 0.32340407371520996
10 0.916271984577179 0.5113480091094971 0.16556298732757568 0.18297898769378662
10 0.5998110175132751 0.8680850267410278 0.2705770432949066 0.26099300384521484
10 0.30463600158691406 0.6460989713668823 0.2365180104970932 0.32198596000671387
10 0.1021760031580925 0.37233999371528625 0.18543000519275665 0.35035496950149536
10 0.07379399240016937 0.7382979989051819 0.14569500088691711 0.33333301544189453
10 0.177388995885849 0.8794329762458801 0.25071001052856445 0.21276605129241943
