10 0.4301673173904419 0.17151351273059845 0.23637716472148895 0.18263497948646545
10 0.6366302967071533 0.25846824049949646 0.23713462054729462 0.1897130161523819
10 0.22215189039707184 0.11328335851430893 0.29733169078826904 0.22656671702861786
10 0.27032700181007385 0.4342361390590668 0.23422081768512726 0.25475069880485535
10 0.4754225015640259 0.5268277525901794 0.34812772274017334 0.30535057187080383
10 0.7804595232009888 0.6697028279304504 0.3327181041240692 0.2958499789237976
10 0.9346441626548767 0.7661175727844238 0.13071171939373016 0.24023441970348358
10 0.43011510372161865 0.6652503609657288 0.3539303243160248 0.32729029655456543
10 0.9044170379638672 0.8752397298812866 0.19116592407226562 0.24952048063278198
10 0.623587965965271 0.8701714873313904 0.37103667855262756 0.25965702533721924
10 0.5810264945030212 0.3923133909702301 0.4215083420276642 0.4369140565395355
10 0.28643354773521423 0.27610471844673157 0.4154684543609619 0.36393919587135315
10 0.8055689930915833 0.49070680141448975 0.38742151856422424 0.4095776677131653
10 0.6929006576538086 0.7656939625740051 0.39820003509521484 0.36998260021209717
10 0.8577410578727722 0.9283589124679565 0.2845178246498108 0.14328211545944214
