10 0.1974216103553772 0.8468784689903259 0.2505701184272766 0.30624309182167053
10 0.33104902505874634 0.919181227684021 0.22245629131793976 0.16163752973079681
10 0.22074168920516968 0.005037330556660891 0.2419850081205368 0.010074661113321781
10 0.5557954907417297 0.9656165242195129 0.28230130672454834 0.0687669962644577
10 0.1636497676372528 0.6139546632766724 0.3272995352745056 0.4298507571220398
10 0.11554787307977676 0.26074162125587463 0.23109574615955353 0.34109097719192505
10 0.10608337819576263 0.0631069466471672 0.21216675639152527 0.1262138932943344
10 0.4175698757171631 0.7165570259094238 0.41596126556396484 0.478325217962265
10 0.3025682270526886 0.24428710341453552 0.38511377573013306 0.48857420682907104
10 0.5661306381225586 0.493906706571579 0.3828650414943695 0.40338489413261414
10 0.47056370973587036 0.15657615661621094 0.4053317606449127 0.3131523132324219
10 0.6890637278556824 0.8407210111618042 0.34808120131492615 0.3185579478740692
