10 0.8488925695419312 0.10147061198949814 0.3022148311138153 0.20294122397899628
10 0.8690100312232971 0.2174939215183258 0.26197996735572815 0.4349878430366516
10 0.8946059942245483 0.43499043583869934 0.2107880413532257 0.5034829378128052
10 0.8575168251991272 0.9178931713104248 0.2849663496017456 0.1642136424779892
10 0.6052498817443848 0.16892637312412262 0.3283705711364746 0.33785274624824524
10 0.6169701814651489 0.3473077416419983 0.35101592540740967 0.5293834209442139
10 0.6420201659202576 0.6370630264282227 0.3207493722438812 0.4824998080730438
10 0.6809489130973816 0.829054594039917 0.32148978114128113 0.3418908417224884
10 0.31996315717697144 0.26004984974861145 0.38903722167015076 0.5200996994972229
10 0.27968451380729675 0.5724873542785645 0.30647334456443787 0.4540257155895233
10 0.3416634798049927 0.789736270904541 0.30902498960494995 0.42052751779556274
10 0.09917577356100082 0.44568270444869995 0.19835154712200165 0.36712172627449036
10 0.09788864850997925 0.6554740071296692 0.1957772970199585 0.4520486295223236
10 0.11117769777774811 0.8927526473999023 0.1851554811000824 0.2144947499036789
10 0.9103478789329529 0.7215545773506165 0.17930418252944946 0.542090892791748
10 0.3614082634449005 0.9275754690170288 0.37006765604019165 0.1448490023612976
