10 0.1209540069103241 0.16788798570632935 0.2401520013809204 0.2740060091018677
10 0.34607601165771484 0.14168299734592438 0.21123099327087402 0.2750680148601532
10 0.6219670176506042 0.22923000156879425 0.3239879608154297 0.4270699918270111
10 0.892749011516571 0.23705600202083588 0.20689797401428223 0.4331299960613251
10 0.22259899973869324 0.4852370023727417 0.42430800199508667 0.4774099588394165
10 0.5147809982299805 0.642041027545929 0.1651400327682495 0.37166500091552734
10 0.7597110271453857 0.596983015537262 0.281777024269104 0.3849719762802124
10 0.8941529989242554 0.821590006351471 0.20408999919891357 0.30561399459838867
10 0.6044309735298157 0.9126669764518738 0.34172797203063965 0.1645139455795288
10 0.20076300203800201 0.8696539998054504 0.39847299456596375 0.2566189765930176
