10 0.6181697845458984 0.6435741782188416 0.27872055768966675 0.4531894326210022
10 0.5236005783081055 0.26167553663253784 0.23439916968345642 0.4277154207229614
10 0.17243006825447083 0.17395925521850586 0.3439321219921112 0.3479185104370117
10 0.12242259830236435 0.5021553039550781 0.2448451966047287 0.39170441031455994
10 0.36866381764411926 0.5454919338226318 0.23576682806015015 0.3282026946544647
10 0.4443068504333496 0.8659137487411499 0.2931590974330902 0.2681725025177002
10 0.2055395543575287 0.8649566173553467 0.4110791087150574 0.27008679509162903
10 0.6229225993156433 0.9901906847953796 0.3234012722969055 0.019618576392531395
10 0.8963013887405396 0.9370893836021423 0.2073972225189209 0.1258212774991989
10 0.8896745443344116 0.7236806154251099 0.22065095603466034 0.38461121916770935
10 0.8224828839302063 0.34658047556877136 0.2812798023223877 0.47265005111694336
10 0.9785334467887878 0.4487772583961487 0.04293305426836014 0.38604670763015747
10 0.920305609703064 0.1273231953382492 0.15938876569271088 0.2546463906764984
10 0.6063133478164673 0.0844445452094078 0.30612272024154663 0.1688890904188156
