10 0.9031271934509277 0.916489839553833 0.19374562799930573 0.1670202761888504
10 0.7688941955566406 0.9698185324668884 0.3357400894165039 0.060362961143255234
10 0.3246457576751709 0.9774366617202759 0.2678701877593994 0.04512663558125496
10 0.9753926992416382 0.6345862150192261 0.04921455308794975 0.44910097122192383
10 0.8710992932319641 0.6955676674842834 0.2578014135360718 0.47991636395454407
10 0.6904354691505432 0.7802998423576355 0.31621381640434265 0.43820303678512573
10 0.47257915139198303 0.8291807770729065 0.33948180079460144 0.34163838624954224
10 0.17079949378967285 0.9160416126251221 0.23572780191898346 0.16791675984859467
10 0.945732057094574 0.2774246633052826 0.10853591561317444 0.5146108269691467
10 0.21912449598312378 0.7795278429985046 0.27374857664108276 0.40788447856903076
10 0.8272940516471863 0.27776098251342773 0.29582148790359497 0.41681984066963196
10 0.6277397871017456 0.40449920296669006 0.31249964237213135 0.4245188534259796
10 0.08676496148109436 0.6650161147117615 0.17352992296218872 0.37481674551963806
10 0.9287035465240479 0.07166045904159546 0.14259284734725952 0.14332091808319092
10 0.8152968883514404 0.09495609253644943 0.3147764503955841 0.18991218507289886
10 0.14895188808441162 0.4369162321090698 0.25260382890701294 0.3274969756603241
10 0.5621486306190491 0.13031472265720367 0.2765611410140991 0.26062944531440735
10 0.3745439052581787 0.48877185583114624 0.3845740258693695 0.511452853679657
