10 0.8123490810394287 0.8246549367904663 0.3753018081188202 0.350690096616745
10 0.9432528614997864 0.6627445816993713 0.11349424719810486 0.6745107769966125
10 0.3118613660335541 0.8497952818870544 0.3810426890850067 0.3004094660282135
10 0.6929237246513367 0.6748203039169312 0.38187628984451294 0.6503593325614929
10 0.9352668523788452 0.4346426725387573 0.12946628034114838 0.7933395504951477
10 0.16871942579746246 0.6977615356445312 0.3374388515949249 0.6044769883155823
10 0.5417382717132568 0.4806196987628937 0.3961280584335327 0.8416915535926819
10 0.8638673424720764 0.2827531099319458 0.27226531505584717 0.5655062198638916
10 0.1108861118555069 0.5020630955696106 0.2217722237110138 0.7063487768173218
10 0.45813655853271484 0.25991907715797424 0.39314135909080505 0.5198381543159485
10 0.8197729587554932 0.0894111841917038 0.36045411229133606 0.1788223683834076
