10 0.07646776735782623 0.09881660342216492 0.15293553471565247 0.19763320684432983
10 0.9596503973007202 0.8769135475158691 0.08069916069507599 0.2461729347705841
10 0.2568714916706085 0.23076850175857544 0.29560738801956177 0.4447370171546936
10 0.7115236520767212 0.7322481870651245 0.18822689354419708 0.30756455659866333
10 0.8861445188522339 0.8696973323822021 0.20419998466968536 0.2606053650379181
10 0.04464581608772278 0.18915626406669617 0.08929163217544556 0.37831252813339233
10 0.2188800573348999 0.44083431363105774 0.3065168261528015 0.4429192543029785
10 0.5088140368461609 0.7030758261680603 0.3110077381134033 0.4815164804458618
10 0.7944422960281372 0.8706745505332947 0.30619603395462036 0.25865086913108826
10 0.47415316104888916 0.8557182550430298 0.3074835538864136 0.28856343030929565
10 0.5439723134040833 0.49935901165008545 0.3364585340023041 0.5063388347625732
10 0.1675318032503128 0.6268221735954285 0.3350636065006256 0.4777023196220398
