10 0.3687533438205719 0.5260581374168396 0.29441317915916443 0.43371349573135376
10 0.4668906629085541 0.1797325313091278 0.24088308215141296 0.3594650626182556
10 0.8267294764518738 0.12444152683019638 0.3419954478740692 0.24888305366039276
10 0.8838741183280945 0.40470394492149353 0.23225179314613342 0.3633427321910858
10 0.6319406032562256 0.43701648712158203 0.2438570261001587 0.30733343958854675
10 0.5551154017448425 0.7838441729545593 0.3142383098602295 0.33174774050712585
10 0.7981275320053101 0.8125755190849304 0.4037449359893799 0.37484899163246155
10 0.3623095154762268 0.9310570955276489 0.3548819124698639 0.13788579404354095
10 0.08698223531246185 0.8728932738304138 0.1739644706249237 0.25421342253685
10 0.0959039181470871 0.5949926972389221 0.1918078362941742 0.373395711183548
10 0.15562620759010315 0.23523977398872375 0.29044830799102783 0.4351496398448944
10 0.06817903369665146 0.06842268258333206 0.13635806739330292 0.13684536516666412
10 0.38165363669395447 0.03426337614655495 0.313749223947525 0.0685267522931099
