10 0.3063771724700928 0.5076253414154053 0.14589229226112366 0.34638291597366333
10 0.454266756772995 0.5235143899917603 0.14136655628681183 0.3424481153488159
10 0.6107542514801025 0.7190458178520203 0.1390909105539322 0.3033645451068878
10 0.604993462562561 0.5316962599754333 0.11607854813337326 0.300363153219223
10 0.4607419967651367 0.35893359780311584 0.1483442336320877 0.26889339089393616
10 0.32542774081230164 0.3535870313644409 0.15488749742507935 0.2753552496433258
10 0.19507165253162384 0.11190823465585709 0.0753740444779396 0.19849349558353424
10 0.20753493905067444 0.2816074788570404 0.09686935693025589 0.26974761486053467
10 0.31788375973701477 0.20381616055965424 0.1415703445672989 0.22976373136043549
10 0.20921063423156738 0.5100119709968567 0.10046683251857758 0.2836979627609253
10 0.2993963360786438 0.6721581220626831 0.1525239646434784 0.22382616996765137
10 0.43688705563545227 0.7275257706642151 0.11742234230041504 0.2783409655094147
10 0.5710160732269287 0.8578507304191589 0.13955533504486084 0.28429853916168213
10 0.6668720245361328 0.8893604874610901 0.03926674276590347 0.2212790548801422
