10 0.42112475633621216 0.2309003621339798 0.427717924118042 0.4618007242679596
10 0.24512675404548645 0.6677656173706055 0.43752843141555786 0.6644688248634338
10 0.1166958436369896 0.7739273905754089 0.2333916872739792 0.45214518904685974
10 0.48280659317970276 0.638037383556366 0.3986031115055084 0.6809597015380859
10 0.19399379193782806 0.3186688721179962 0.21273523569107056 0.3693528473377228
10 0.4026273787021637 0.9152346849441528 0.2905935049057007 0.16953064501285553
10 0.6339544653892517 0.9293929934501648 0.3469615578651428 0.1412140280008316
10 0.699884295463562 0.5621162056922913 0.36117851734161377 0.6220009922981262
10 0.6701557040214539 0.1616862267255783 0.34356698393821716 0.3233724534511566
10 0.8812666535377502 0.3538663685321808 0.23746664822101593 0.5156069397926331
10 0.8897486925125122 0.6264060735702515 0.2205025851726532 0.533197283744812
