10 0.7983344197273254 0.022684702649712563 0.3542931079864502 0.045369405299425125
10 0.3766203820705414 0.07671726495027542 0.44275954365730286 0.15343452990055084
10 0.10433553159236908 0.594372034072876 0.20867106318473816 0.31723591685295105
10 0.45510727167129517 0.5679585337638855 0.5109822154045105 0.34790921211242676
10 0.9003601670265198 0.5380837321281433 0.19927969574928284 0.33667391538619995
10 0.2052985429763794 0.8433493971824646 0.4105970859527588 0.3133012056350708
10 0.814996063709259 0.23460723459720612 0.37000781297683716 0.46921446919441223
10 0.3105335235595703 0.2811945378780365 0.6038917899131775 0.39875686168670654
10 0.6908730268478394 0.7956135272979736 0.562183141708374 0.4087729752063751
10 0.808916449546814 0.9534651637077332 0.38216713070869446 0.09306969493627548
