10 0.726004958152771 0.06444654613733292 0.3431628942489624 0.12889309227466583
10 0.5164816379547119 0.2755689322948456 0.44709789752960205 0.5511378645896912
10 0.2891571819782257 0.6968607306480408 0.4218228757381439 0.5947179198265076
10 0.1323871612548828 0.8758119940757751 0.2647743225097656 0.225254625082016
10 0.8173624873161316 0.306911438703537 0.34989047050476074 0.613822877407074
10 0.3935185670852661 0.8799062371253967 0.4509337246417999 0.21706613898277283
10 0.8603963851928711 0.6708775162696838 0.2638225853443146 0.6351235508918762
10 0.19149620831012726 0.32867109775543213 0.3829924166202545 0.6573421955108643
10 0.3892277181148529 0.0858679935336113 0.533114492893219 0.1717359870672226
10 0.08721201121807098 0.5674293637275696 0.17442402243614197 0.7806474566459656
10 0.6082051396369934 0.6367001533508301 0.5659811496734619 0.7034782767295837
10 0.7424447536468506 0.8675057291984558 0.49972590804100037 0.24186718463897705
