10 0.5743624567985535 0.4964849054813385 0.31767529249191284 0.47796013951301575
10 0.30382850766181946 0.7495747208595276 0.3457235097885132 0.469124972820282
10 0.23707854747772217 0.656883716583252 0.384819895029068 0.5461711287498474
10 0.539184033870697 0.3627914488315582 0.4393722116947174 0.6201393008232117
10 0.7996988296508789 0.19201423227787018 0.4006023406982422 0.38402846455574036
10 0.8277053236961365 0.2433820366859436 0.34458932280540466 0.4867640733718872
10 0.8890230655670166 0.28226593136787415 0.22195389866828918 0.43585410714149475
10 0.7071550488471985 0.6386854648590088 0.3734058737754822 0.5044654607772827
10 0.6150844097137451 0.6027336716651917 0.33173683285713196 0.44254985451698303
10 0.40047991275787354 0.8554161190986633 0.34230896830558777 0.28916776180267334
10 0.13432122766971588 0.9330655932426453 0.26864245533943176 0.13386887311935425
10 0.36537161469459534 0.8189164996147156 0.2917235791683197 0.36216697096824646
10 0.09356317669153214 0.8990228772163391 0.18712635338306427 0.20195429027080536
10 0.4792361855506897 0.27857598662376404 0.3493451774120331 0.4118072986602783
10 0.22199122607707977 0.5212572813034058 0.2168421745300293 0.2918952703475952
10 0.7778604626655579 0.08065738528966904 0.2874397039413452 0.16131477057933807
10 0.9284949898719788 0.4150959551334381 0.1430099904537201 0.27610132098197937
