10 0.4343070089817047 0.4446589946746826 0.25821202993392944 0.3101670444011688
10 0.691402018070221 0.640263020992279 0.24589300155639648 0.3778979778289795
10 0.4763590097427368 0.7969970107078552 0.24507498741149902 0.29699695110321045
10 0.2419230043888092 0.8498330116271973 0.2253739833831787 0.293660044670105
10 0.0658000037074089 0.7858729958534241 0.1300240010023117 0.412680983543396
10 0.13908599317073822 0.5522800087928772 0.25768300890922546 0.3281420171260834
10 0.180851012468338 0.23303699493408203 0.24665100872516632 0.3214679956436157
10 0.04412899911403656 0.3036710023880005 0.0835300087928772 0.32480502128601074
10 0.05676399916410446 0.07676900923252106 0.11163701117038727 0.13751700520515442
10 0.23273399472236633 0.05073399841785431 0.20245999097824097 0.08811700344085693
10 0.44938498735427856 0.13951900601387024 0.24408698081970215 0.25233596563339233
10 0.7057710289955139 0.10947899520397186 0.268684983253479 0.2162880003452301
10 0.9238409996032715 0.10814400017261505 0.15042603015899658 0.21361801028251648
10 0.9134340286254883 0.3624829947948456 0.17123901844024658 0.30574101209640503
10 0.6920530200004578 0.3531379997730255 0.24503302574157715 0.25767701864242554
10 0.9134340286254883 0.8064090013504028 0.17123901844024658 0.3845130205154419
10 0.7374650239944458 0.933243989944458 0.2526019811630249 0.13084101676940918
