10 0.5268662571907043 0.05719202384352684 0.14254289865493774 0.11438404768705368
10 0.6755558848381042 0.06286284327507019 0.13960511982440948 0.12572568655014038
10 0.8196195363998413 0.07529247552156448 0.14696431159973145 0.15058495104312897
10 0.37881040573120117 0.1805667132139206 0.16255366802215576 0.3611334264278412
10 0.18993698060512543 0.2221938818693161 0.18706117570400238 0.3192589282989502
10 0.5536606907844543 0.21382702887058258 0.1638699620962143 0.2748141586780548
10 0.7246577143669128 0.23903295397758484 0.1676194816827774 0.28250056505203247
10 0.8965820670127869 0.20757882297039032 0.18580427765846252 0.31997448205947876
10 0.04422636330127716 0.25384360551834106 0.08845272660255432 0.32620278000831604
10 0.28148311376571655 0.4895886480808258 0.1720440685749054 0.3301391005516052
10 0.4691208004951477 0.4672110676765442 0.18213851749897003 0.35117095708847046
10 0.9654256105422974 0.49320873618125916 0.06914883106946945 0.332771897315979
10 0.09834951162338257 0.5338600873947144 0.17898985743522644 0.307761549949646
10 0.6546749472618103 0.5038195252418518 0.16978134214878082 0.32919391989707947
10 0.8356699347496033 0.5018227100372314 0.17776261270046234 0.3121756315231323
10 0.18266792595386505 0.8033571243286133 0.1821882724761963 0.30804023146629333
10 0.9360311627388 0.8028757572174072 0.1279376745223999 0.3199861943721771
10 0.040885135531425476 0.8204672336578369 0.08177027106285095 0.35906556248664856
10 0.3769451677799225 0.80683434009552 0.18781574070453644 0.3319813311100006
10 0.5722440481185913 0.8067336082458496 0.1793522983789444 0.3322964310646057
10 0.7708038091659546 0.7989300489425659 0.1991511583328247 0.35655248165130615
10 0.1352437287569046 0.9648169875144958 0.205417662858963 0.07036606222391129
10 0.3253443241119385 0.9748106002807617 0.15823189914226532 0.05037885159254074
10 0.5079724192619324 0.9643827676773071 0.18249140679836273 0.07123446464538574
10 0.8948365449905396 0.9585793614387512 0.1900232583284378 0.08284131437540054
10 0.7025570273399353 0.9753109812736511 0.1859515905380249 0.04937802627682686
