10 0.37775954604148865 0.9790225625038147 0.12091443687677383 0.0419548861682415
10 0.3182717561721802 0.9675264954566956 0.12093828618526459 0.06494701653718948
10 0.26101329922676086 0.9505369663238525 0.1339782327413559 0.0989261195063591
10 0.4845532774925232 0.8856697082519531 0.20913174748420715 0.22866061329841614
10 0.5870873332023621 0.8855857849121094 0.18788574635982513 0.22882845997810364
10 0.43078815937042236 0.8814401030540466 0.16293206810951233 0.23711983859539032
10 0.3672533929347992 0.8453115820884705 0.16713741421699524 0.2443176954984665
10 0.28398799896240234 0.8546300530433655 0.18759974837303162 0.2763465940952301
10 0.6616533994674683 0.8805261254310608 0.15324141085147858 0.23894770443439484
10 0.22160664200782776 0.8614935278892517 0.13884775340557098 0.27701300382614136
10 0.6397351026535034 0.6841582655906677 0.18526418507099152 0.2832801640033722
10 0.5529388189315796 0.6846577525138855 0.19670136272907257 0.3012455701828003
10 0.34269315004348755 0.614881694316864 0.16224311292171478 0.28008994460105896
10 0.7321042418479919 0.6655203700065613 0.18055640161037445 0.26582491397857666
10 0.4871548116207123 0.6376235485076904 0.18398699164390564 0.2823030352592468
10 0.4101172685623169 0.6222550868988037 0.18154528737068176 0.26928144693374634
10 0.7885187268257141 0.43954145908355713 0.18200081586837769 0.26635053753852844
10 0.4611153304576874 0.36714157462120056 0.18203036487102509 0.27511635422706604
10 0.8621898293495178 0.4259400963783264 0.1730886548757553 0.3263775408267975
10 0.7077462673187256 0.4184972047805786 0.1925465315580368 0.2862507998943329
10 0.6253215670585632 0.40025225281715393 0.18908363580703735 0.2857115864753723
10 0.5388920307159424 0.3879341185092926 0.20571531355381012 0.30719655752182007
10 0.8774668574333191 0.28055518865585327 0.13833940029144287 0.14179225265979767
10 0.800569474697113 0.2548935115337372 0.11138887703418732 0.12066464871168137
10 0.719577431678772 0.24711328744888306 0.1279659867286682 0.137977734208107
10 0.5544654726982117 0.2153300791978836 0.13525405526161194 0.14842936396598816
10 0.6421239376068115 0.21786467730998993 0.12377647310495377 0.12490998953580856
