10 0.43687906861305237 0.28391963243484497 0.19206233322620392 0.2310737669467926
10 0.9737280011177063 0.7976391911506653 0.052543941885232925 0.22676251828670502
10 0.7685150504112244 0.2271747887134552 0.2906082272529602 0.39306676387786865
10 0.9182670712471008 0.68287593126297 0.16346587240695953 0.38969355821609497
10 0.5691507458686829 0.25943493843078613 0.27619460225105286 0.3715532422065735
10 0.7044224739074707 0.5280698537826538 0.2906886339187622 0.3723829686641693
10 0.8444270491600037 0.866710364818573 0.2415112853050232 0.26657921075820923
10 0.5189689993858337 0.4851258397102356 0.24187840521335602 0.3596036732196808
10 0.6074950695037842 0.7509831190109253 0.1908216029405594 0.2824641168117523
10 0.6990851163864136 0.9171825647354126 0.19332295656204224 0.16563482582569122
10 0.8872703313827515 0.4079560339450836 0.22545936703681946 0.32782769203186035
