10 0.9835012555122375 0.8749586939811707 0.032997485250234604 0.2500826418399811
10 0.6035841703414917 0.4490773379802704 0.43390989303588867 0.8511835336685181
10 0.30324292182922363 0.8924270868301392 0.43704918026924133 0.21514587104320526
10 0.7258512377738953 0.9330852627754211 0.42755618691444397 0.13382944464683533
10 0.3270268738269806 0.6831608414649963 0.19549773633480072 0.16690972447395325
10 0.3029145896434784 0.5672353506088257 0.14194415509700775 0.15459823608398438
10 0.10164585709571838 0.5540326833724976 0.20329171419143677 0.22039568424224854
10 0.12577803432941437 0.7294081449508667 0.15842078626155853 0.11774338781833649
10 0.06561092287302017 0.4298918545246124 0.13122184574604034 0.25232094526290894
10 0.2163030505180359 0.41966554522514343 0.16656392812728882 0.1894972026348114
10 0.34999439120292664 0.35265064239501953 0.16652530431747437 0.2562125027179718
10 0.9131396412849426 0.6799725294113159 0.17372076213359833 0.2257368266582489
