10 0.48061996698379517 0.4170539975166321 0.40531596541404724 0.3286820352077484
10 0.4739759862422943 0.19922499358654022 0.19269102811813354 0.33333298563957214
10 0.7475079894065857 0.2976740002632141 0.2104099988937378 0.4341089725494385
10 0.882614016532898 0.6426360011100769 0.19933605194091797 0.5224810838699341
10 0.6179400086402893 0.6961240172386169 0.232558012008667 0.3069770336151123
10 0.3781839907169342 0.748062014579773 0.224806010723114 0.3581399917602539
10 0.22259099781513214 0.43410900235176086 0.0996679961681366 0.527131974697113
10 0.09745299816131592 0.3968989849090576 0.17497199773788452 0.45891496539115906
10 0.09523800015449524 0.7837210297584534 0.19047600030899048 0.2713179588317871
10 0.26854899525642395 0.8751940131187439 0.1295679807662964 0.2465120553970337
10 0.5310080051422119 0.894573986530304 0.19822800159454346 0.18604695796966553
10 0.7524920105934143 0.9069769978523254 0.17829501628875732 0.1457359790802002
