10 0.7786756753921509 0.6256623268127441 0.39573854207992554 0.5118681788444519
10 0.5193297266960144 0.9027901887893677 0.34320518374443054 0.19441956281661987
10 0.30403026938438416 0.9824851155281067 0.3496624231338501 0.035029828548431396
10 0.45249855518341064 0.8043621182441711 0.34479227662086487 0.3912757337093353
10 0.6011980175971985 0.7557492256164551 0.29714739322662354 0.3670590817928314
10 0.8349464535713196 0.36598125100135803 0.33010706305503845 0.40250781178474426
10 0.7331364154815674 0.36591559648513794 0.4379618465900421 0.47001171112060547
10 0.9479330778121948 0.17922286689281464 0.10413387417793274 0.19808222353458405
10 0.896577000617981 0.5106553435325623 0.2068459838628769 0.4446299076080322
10 0.7081834077835083 0.8308928608894348 0.39470428228378296 0.338214248418808
10 0.8560183048248291 0.7945559620857239 0.2622655928134918 0.41088804602622986
