10 0.6044289469718933 0.9236901998519897 0.1494578868150711 0.1526196449995041
10 0.7582972645759583 0.8353291749954224 0.18085937201976776 0.3293416500091553
10 0.5766055583953857 0.7414199113845825 0.13802455365657806 0.22680839896202087
10 0.05748725309967995 0.7907209992408752 0.1149745061993599 0.31910863518714905
10 0.3428124785423279 0.7752702236175537 0.13912388682365417 0.38933315873146057
10 0.9771705269813538 0.6475264430046082 0.045658912509679794 0.3703517019748688
10 0.4211723208427429 0.6086515784263611 0.17884314060211182 0.30945995450019836
10 0.11779915541410446 0.5411607623100281 0.204462930560112 0.31581103801727295
10 0.9444141983985901 0.3235068917274475 0.11117154359817505 0.3956654965877533
10 0.5723658204078674 0.38507506251335144 0.22686763107776642 0.42675644159317017
10 0.7517775893211365 0.3288729786872864 0.16683842241764069 0.42695218324661255
10 0.32717886567115784 0.42404723167419434 0.19530612230300903 0.38861700892448425
10 0.8924371004104614 0.11383984237909317 0.16918499767780304 0.22767968475818634
10 0.270574152469635 0.1405760794878006 0.19032126665115356 0.2811521589756012
10 0.46065443754196167 0.12316526472568512 0.16506871581077576 0.24633052945137024
10 0.6197381019592285 0.11949007958173752 0.16858384013175964 0.23898015916347504
10 0.08314409852027893 0.14789241552352905 0.16628819704055786 0.2957848310470581
10 0.9484761953353882 0.03378141671419144 0.10304760932922363 0.06756283342838287
10 0.8648831844329834 0.5522059798240662 0.16931135952472687 0.2210429608821869
10 0.9033616781234741 0.7432159185409546 0.1259719431400299 0.23588679730892181
10 0.8961567282676697 0.9093794226646423 0.11619623005390167 0.1812411993741989
10 0.9692022204399109 0.9380336403846741 0.061595506966114044 0.12393276393413544
10 0.8087130784988403 0.9507559537887573 0.08791285008192062 0.09848814457654953
10 0.2144528329372406 0.9017452001571655 0.1501297801733017 0.19650961458683014
10 0.4392464756965637 0.8758432865142822 0.12731397151947021 0.24831342697143555
10 0.18983329832553864 0.7016001343727112 0.11199082434177399 0.21981306374073029
10 0.056113239377737045 0.3404512405395508 0.11222647875547409 0.13304543495178223
10 0.1888461858034134 0.31015175580978394 0.09948629885911942 0.141614630818367
10 0.7339920997619629 0.0607626847922802 0.11056487262248993 0.1215253695845604
10 0.7051225900650024 0.6176153421401978 0.11505408585071564 0.235727921128273
10 0.5756622552871704 0.5586888790130615 0.13063065707683563 0.16689470410346985
10 0.11352410912513733 0.9225155115127563 0.0870099887251854 0.1549689620733261
