10 0.506062388420105 0.5319366455078125 0.39542487263679504 0.4567038416862488
10 0.7679955363273621 0.5745872855186462 0.39512044191360474 0.45939838886260986
10 0.5981419086456299 0.5803453922271729 0.37338098883628845 0.4362707734107971
10 0.8049122095108032 0.7306845188140869 0.27824485301971436 0.33688613772392273
10 0.8525266647338867 0.745655357837677 0.2878168225288391 0.3459630012512207
10 0.9558711051940918 0.902415931224823 0.0882578045129776 0.1951681226491928
10 0.8379568457603455 0.902868390083313 0.3240863084793091 0.19426316022872925
10 0.8805828094482422 0.922100305557251 0.2388344407081604 0.15579934418201447
10 0.889880895614624 0.8935288190841675 0.22023823857307434 0.21294233202934265
10 0.9294260144233704 0.9069318175315857 0.14114801585674286 0.18613633513450623
10 0.6604183316230774 0.5832219123840332 0.42393189668655396 0.49681976437568665
