10 0.33868008852005005 0.21127299964427948 0.31352660059928894 0.42254599928855896
10 0.20794309675693512 0.5942016243934631 0.3328946530818939 0.46064627170562744
10 0.873616099357605 0.6993221044540405 0.25276777148246765 0.6013558506965637
10 0.6691539287567139 0.6300535202026367 0.2191048115491867 0.4019787311553955
10 0.4724428951740265 0.8057923316955566 0.4212636649608612 0.3884153366088867
10 0.7000225186347961 0.23568035662174225 0.24452687799930573 0.3998062014579773
10 0.9638007879257202 0.21721100807189941 0.07239846885204315 0.28029876947402954
10 0.7799168229103088 0.06460487842559814 0.21789498627185822 0.1292097568511963
10 0.526311457157135 0.11349426209926605 0.20942144095897675 0.2269885241985321
10 0.09337925910949707 0.08959299325942993 0.18675851821899414 0.17918598651885986
10 0.020747587084770203 0.5561771988868713 0.041495174169540405 0.684451162815094
10 0.12364234775304794 0.9285586476325989 0.2472846955060959 0.14288273453712463
