10 0.2852010130882263 0.14008298516273499 0.18290197849273682 0.27768200635910034
10 0.9305909872055054 0.12667900323867798 0.1336899995803833 0.2297379970550537
10 0.9386979937553406 0.8802080154418945 0.11747503280639648 0.20830094814300537
10 0.7376049757003784 0.20595401525497437 0.2776370048522949 0.39275598526000977
10 0.08113400638103485 0.25151199102401733 0.16226699948310852 0.41169899702072144
10 0.46395400166511536 0.34930700063705444 0.4177669882774353 0.5978519916534424
10 0.1707639992237091 0.5747820138931274 0.25001800060272217 0.4983530044555664
10 0.786562979221344 0.6403229832649231 0.3295780420303345 0.581292986869812
10 0.4414049983024597 0.8390949964523315 0.3247910439968109 0.30301594734191895
10 0.10092699527740479 0.9188560247421265 0.1997939944267273 0.15919601917266846
10 0.9402679800987244 0.48995399475097656 0.11740505695343018 0.4173109829425812
