10 0.3524099886417389 0.4319629967212677 0.23454301059246063 0.25451403856277466
10 0.9359040260314941 0.8427820205688477 0.1224290132522583 0.3067439794540405
10 0.27006399631500244 0.16636401414871216 0.28230398893356323 0.2842170000076294
10 0.5401740074157715 0.18952900171279907 0.23389801383018494 0.3467830419540405
10 0.8380510210990906 0.19643402099609375 0.31813502311706543 0.34602999687194824
10 0.10697700083255768 0.3056969940662384 0.21350300312042236 0.37376004457473755
10 0.895583987236023 0.5287520289421082 0.20306801795959473 0.37066301703453064
10 0.5488970279693604 0.5869330167770386 0.393375039100647 0.40116703510284424
10 0.17460200190544128 0.6361839771270752 0.2609190344810486 0.34929001331329346
10 0.34451600909233093 0.8680840134620667 0.32093697786331177 0.2535719871520996
10 0.711804986000061 0.8620889782905579 0.33946800231933594 0.25815796852111816
10 0.08931899815797806 0.8957939743995667 0.17863799631595612 0.19481098651885986
