10 0.6559910774230957 0.7433833479881287 0.4810276925563812 0.5132333636283875
10 0.4069659411907196 0.319507896900177 0.44197455048561096 0.5297855138778687
10 0.7978523969650269 0.594456136226654 0.4042951762676239 0.49038979411125183
10 0.4063544273376465 0.5380423069000244 0.19427351653575897 0.23583021759986877
10 0.3757912218570709 0.602888286113739 0.14143767952919006 0.18824127316474915
10 0.18063011765480042 0.4660610258579254 0.21661415696144104 0.27830004692077637
10 0.22146689891815186 0.36503055691719055 0.15280717611312866 0.17800763249397278
10 0.1112256720662117 0.5045219659805298 0.21096639335155487 0.28789082169532776
10 0.28755542635917664 0.6453233957290649 0.16225790977478027 0.21968843042850494
10 0.4053814113140106 0.7825990915298462 0.16908122599124908 0.25840744376182556
10 0.9345601797103882 0.9113371968269348 0.13087961077690125 0.1773255467414856
