10 0.5074020028114319 0.08702799677848816 0.13450202345848083 0.15204599499702454
10 0.647704005241394 0.0951320081949234 0.13172996044158936 0.15520599484443665
10 0.78364098072052 0.1039309948682785 0.13867402076721191 0.1800599992275238
10 0.3676980137825012 0.19793200492858887 0.15338397026062012 0.351610004901886
10 0.18947899341583252 0.2551040053367615 0.17650900781154633 0.2725980281829834
10 0.5326849818229675 0.24796000123023987 0.1546260118484497 0.23464900255203247
10 0.6940360069274902 0.26948198676109314 0.15816402435302734 0.24121201038360596
10 0.8562620282173157 0.24262499809265137 0.1753230094909668 0.27320897579193115
10 0.046859998255968094 0.2821280062198639 0.0937189981341362 0.2785269618034363
10 0.974452018737793 0.21875999867916107 0.045968055725097656 0.2959260046482086
10 0.275860995054245 0.48341798782348633 0.1623390167951584 0.2818880081176758
10 0.4529139995574951 0.46431100368499756 0.17186403274536133 0.29984596371650696
10 0.9430170059204102 0.4865089952945709 0.10883796215057373 0.28413599729537964
10 0.10305800288915634 0.52121901512146 0.1688929945230484 0.262781023979187
10 0.6280009746551514 0.49556899070739746 0.1602039337158203 0.281080961227417
10 0.7987859845161438 0.4938639998435974 0.16773498058319092 0.2665499746799469
10 0.18261998891830444 0.7513279914855957 0.17191098630428314 0.26301896572113037
10 0.9145539999008179 0.7509170174598694 0.1628570556640625 0.2732189893722534
10 0.043706998229026794 0.7802579998970032 0.08741399645805359 0.33522796630859375
10 0.3659380078315735 0.7542970180511475 0.17722100019454956 0.28346097469329834
10 0.5502200126647949 0.7542110085487366 0.1692349910736084 0.28373003005981445
10 0.7375789880752563 0.74754798412323 0.18791699409484863 0.304440975189209
10 0.13787099719047546 0.9237899780273438 0.19383001327514648 0.12928199768066406
10 0.31724798679351807 0.9320449829101562 0.14930599927902222 0.11166000366210938
10 0.48957401514053345 0.9221709966659546 0.17219701409339905 0.12752699851989746
10 0.8546149730682373 0.9174020290374756 0.17930400371551514 0.13780999183654785
10 0.6731820106506348 0.9337670207023621 0.175462007522583 0.11339497566223145
