10 0.6473146080970764 0.861538827419281 0.35943546891212463 0.2769223153591156
10 0.5749679207801819 0.5481626391410828 0.3177892565727234 0.33151641488075256
10 0.5080739259719849 0.9618865847587585 0.3744504451751709 0.07622680813074112
10 0.3589727580547333 0.9442925453186035 0.36329853534698486 0.11141486465930939
10 0.1926531046628952 0.9428446888923645 0.38282322883605957 0.11431057006120682
10 0.7202008366584778 0.8807483911514282 0.4466370642185211 0.23850326240062714
10 0.3722464442253113 0.8099820613861084 0.3848874866962433 0.380035936832428
10 0.6468850374221802 0.756418764591217 0.5829137563705444 0.48716244101524353
10 0.8483630418777466 0.6881245970726013 0.3032739758491516 0.43388864398002625
10 0.8927984833717346 0.472491055727005 0.21440304815769196 0.3343486785888672
10 0.7486465573310852 0.5128265619277954 0.4537806510925293 0.32825374603271484
