10 0.1284179985523224 0.15685999393463135 0.2426530122756958 0.2301740050315857
10 0.9448040127754211 0.24647900462150574 0.10462796688079834 0.358227014541626
10 0.08154100179672241 0.3157680034637451 0.16227298974990845 0.22763699293136597
10 0.8609939813613892 0.5091360211372375 0.19127106666564941 0.24115696549415588
10 0.05874999985098839 0.6075909733772278 0.11749999970197678 0.3276180028915405
10 0.3160409927368164 0.1894810050725937 0.2701359987258911 0.3296310007572174
10 0.5587049722671509 0.18632900714874268 0.21011102199554443 0.31648701429367065
10 0.7795730233192444 0.26084598898887634 0.22160494327545166 0.3051139712333679
10 0.27062299847602844 0.5147969722747803 0.29579299688339233 0.42899298667907715
10 0.5975199937820435 0.5035849809646606 0.3125699758529663 0.3802180290222168
10 0.44506698846817017 0.7907249927520752 0.24600496888160706 0.40636205673217773
10 0.7119730114936829 0.7793279886245728 0.25347602367401123 0.4332590103149414
10 0.9174299836158752 0.7951449751853943 0.15937697887420654 0.3967829942703247
10 0.1534840166568756 0.82805997133255 0.3052060008049011 0.33371400833129883
