10 0.9120690226554871 0.36950600147247314 0.16433453559875488 0.41456371545791626
10 0.8401081562042236 0.33773547410964966 0.3082563579082489 0.41378554701805115
10 0.7074459791183472 0.2890004515647888 0.43040210008621216 0.4000629484653473
10 0.20470453798770905 0.4575195610523224 0.4094090759754181 0.4343430995941162
10 0.8279302716255188 0.6787257790565491 0.3326120674610138 0.3883947730064392
10 0.6542785167694092 0.6857861876487732 0.4802687466144562 0.4146646559238434
10 0.47189292311668396 0.6846798658370972 0.44773542881011963 0.37601158022880554
10 0.2422882318496704 0.6601824760437012 0.4845764636993408 0.3834274709224701
10 0.1128312274813652 0.5816593766212463 0.2256624549627304 0.4799708425998688
10 0.6230249404907227 0.8975538611412048 0.49507299065589905 0.18950767815113068
10 0.05772923678159714 0.8431873917579651 0.11545847356319427 0.29824063181877136
10 0.38302910327911377 0.9566231966018677 0.43749597668647766 0.0713689997792244
10 0.20703385770320892 0.9328166246414185 0.41406771540641785 0.11898216605186462
10 0.5244566202163696 0.2562941312789917 0.48618894815444946 0.4347420930862427
10 0.1197962537407875 0.919302761554718 0.239592507481575 0.14600981771945953
