10 0.5378667116165161 0.46932703256607056 0.6022719740867615 0.41319260001182556
10 0.52538001537323 0.20394748449325562 0.2877821624279022 0.40789496898651123
10 0.8810070753097534 0.30238252878189087 0.23798587918281555 0.5874619483947754
10 0.749263346195221 0.8126680254936218 0.346396803855896 0.37466397881507874
10 0.3965686857700348 0.8259528875350952 0.3485237658023834 0.34809422492980957
10 0.16141028702259064 0.4928915798664093 0.1465596854686737 0.6543213725090027
10 0.052273694425821304 0.4458036422729492 0.10454738885164261 0.5596749782562256
10 0.056520234793424606 0.8744221925735474 0.11304046958684921 0.2511555850505829
10 0.2321964055299759 0.9432930946350098 0.19944685697555542 0.11341383308172226
10 0.632148027420044 0.9857249855995178 0.296572744846344 0.0285500418394804
