10 0.8105123043060303 0.9599384665489197 0.19359330832958221 0.08012311160564423
10 0.9221132397651672 0.7833955883979797 0.15577347576618195 0.31056103110313416
10 0.9194930791854858 0.9319466948509216 0.1176936998963356 0.13610664010047913
10 0.9550381898880005 0.6002312898635864 0.08992359787225723 0.4013825058937073
10 0.8039310574531555 0.8303681015968323 0.20355956256389618 0.286141574382782
10 0.6482758522033691 0.8614410758018494 0.23493364453315735 0.2771178185939789
10 0.7061561346054077 0.6530206799507141 0.17271412909030914 0.24204985797405243
10 0.9578842520713806 0.15375252068042755 0.08423151820898056 0.2983114719390869
10 0.8509165644645691 0.4379986822605133 0.24512653052806854 0.3462337255477905
10 0.41480597853660583 0.9403312802314758 0.2308088093996048 0.11933743953704834
10 0.7326909303665161 0.4145207703113556 0.23569044470787048 0.33054208755493164
10 0.8720757961273193 0.12123017013072968 0.2558484375476837 0.24246034026145935
10 0.28252482414245605 0.8079807758331299 0.2783772349357605 0.38403844833374023
10 0.5437554717063904 0.42741793394088745 0.3176211416721344 0.4462721645832062
10 0.4156431555747986 0.576633095741272 0.281305193901062 0.39737260341644287
10 0.7009169459342957 0.20077627897262573 0.2864874601364136 0.40155255794525146
10 0.20055998861789703 0.5495812296867371 0.25409820675849915 0.35794809460639954
10 0.5963568091392517 0.062217552214860916 0.25011375546455383 0.12443510442972183
10 0.4730794131755829 0.14546358585357666 0.22697412967681885 0.2909271717071533
10 0.35209062695503235 0.25898075103759766 0.2760410010814667 0.3892733156681061
10 0.09930018335580826 0.5664398670196533 0.19860036671161652 0.32979854941368103
10 0.1694486141204834 0.3625374138355255 0.19504974782466888 0.2712414860725403
10 0.45944279432296753 0.828486442565918 0.18780313432216644 0.2623199224472046
10 0.5269185304641724 0.9308547973632812 0.16602176427841187 0.1382903903722763
10 0.6136788725852966 0.9853212833404541 0.14897121489048004 0.02935737930238247
10 0.6936154961585999 0.9715988636016846 0.12541607022285461 0.05680231750011444
10 0.9473626613616943 0.40613678097724915 0.10527462512254715 0.269156277179718
10 0.8438524007797241 0.599189281463623 0.17850075662136078 0.2509041726589203
10 0.9045063257217407 0.23883382976055145 0.1597909778356552 0.2244461476802826
10 0.7273952960968018 0.03476191684603691 0.12283094227313995 0.06952383369207382
10 0.286673367023468 0.38029608130455017 0.13468359410762787 0.188423752784729
10 0.5782920122146606 0.7073609232902527 0.16412381827831268 0.23093657195568085
10 0.6233612298965454 0.5413994789123535 0.1457597017288208 0.20343740284442902
10 0.9929770827293396 0.3116946220397949 0.01404582243412733 0.18229077756404877
