10 0.04727200046181679 0.15936200320720673 0.09454300254583359 0.29239198565483093
10 0.18309301137924194 0.13948100805282593 0.17280401289463043 0.25649499893188477
10 0.3640350103378296 0.12913799285888672 0.17213797569274902 0.2450370192527771
10 0.5296540260314941 0.12862299382686615 0.15027999877929688 0.2320220172405243
10 0.6868759989738464 0.14829200506210327 0.156730055809021 0.24842298030853271
10 0.8367540240287781 0.13483098149299622 0.22087395191192627 0.24490098655223846
10 0.975013017654419 0.12703800201416016 0.0448460578918457 0.22547799348831177
10 0.2698639929294586 0.36759400367736816 0.15816599130630493 0.2651129961013794
10 0.44569501280784607 0.3542419970035553 0.1738010048866272 0.2768639922142029
10 0.6207249760627747 0.38114500045776367 0.15631401538848877 0.27973198890686035
10 0.7888709902763367 0.37467899918556213 0.16297495365142822 0.25459200143814087
10 0.9371299743652344 0.36787301301956177 0.12061202526092529 0.26610100269317627
10 0.09184200316667557 0.4052969813346863 0.1698720008134842 0.2560499608516693
10 0.0415010005235672 0.6627830266952515 0.0830020010471344 0.31651103496551514
10 0.17924700677394867 0.6275579929351807 0.17121002078056335 0.2713279724121094
10 0.35934099555015564 0.6310409903526306 0.1734049916267395 0.28580498695373535
10 0.5425879955291748 0.6195809841156006 0.1663050353527069 0.29774796962738037
10 0.7284370064735413 0.62711501121521 0.18813395500183105 0.29496195912361145
10 0.9104819893836975 0.6212049722671509 0.16985905170440674 0.284945011138916
10 0.13156600296497345 0.8776699900627136 0.1991260051727295 0.22017896175384521
10 0.30808499455451965 0.8655800223350525 0.15344500541687012 0.2516399621963501
10 0.49577200412750244 0.868973970413208 0.16885197162628174 0.24154603481292725
10 0.6743050217628479 0.8696060180664062 0.18147897720336914 0.23865199089050293
10 0.8580729961395264 0.8561919927597046 0.17385995388031006 0.2645540237426758
10 0.9764800071716309 0.8532249927520752 0.041911959648132324 0.2536029815673828
