10 0.5258479714393616 0.2592889964580536 0.2568659782409668 0.27625197172164917
10 0.46445900201797485 0.5129240155220032 0.27625203132629395 0.263327956199646
10 0.529079020023346 0.7996770143508911 0.33441004157066345 0.26171207427978516
10 0.22859500348567963 0.7213249802589417 0.3150239884853363 0.3085620403289795
10 0.0662359967827797 0.41599398851394653 0.1292410045862198 0.26979002356529236
10 0.2576740086078644 0.33360299468040466 0.2536349892616272 0.26655900478363037
10 0.21970899403095245 0.11470100283622742 0.27786800265312195 0.22617101669311523
10 0.7689819931983948 0.23747999966144562 0.2552499771118164 0.24232599139213562
10 0.9087240099906921 0.48303699493408203 0.1793210506439209 0.3586430251598358
10 0.718093991279602 0.5 0.18901503086090088 0.21163201332092285
10 0.7600970268249512 0.6550890207290649 0.34087204933166504 0.20193898677825928
10 0.9022619724273682 0.8836830258369446 0.1922459602355957 0.22940194606781006
10 0.07754400372505188 0.890953004360199 0.15185800194740295 0.18901503086090088
10 0.666396975517273 0.07754400372505188 0.22455596923828125 0.1227790042757988
10 0.8949919939041138 0.10662400722503662 0.20678496360778809 0.17770600318908691
10 0.4345720112323761 0.0621969997882843 0.1809369921684265 0.11470100283622742
