10 0.9446633458137512 0.18982072174549103 0.11067327857017517 0.37964144349098206
10 0.8220147490501404 0.1364346742630005 0.3559705317020416 0.272869348526001
10 0.9749020338058472 0.44498786330223083 0.05019587650895119 0.37567460536956787
10 0.8890085220336914 0.6405588388442993 0.22198300063610077 0.31625932455062866
10 0.37501686811447144 0.1546083688735962 0.3264307379722595 0.3092167377471924
10 0.6798235774040222 0.3968910872936249 0.3794071078300476 0.4580341875553131
10 0.6507858633995056 0.6150212287902832 0.3604850769042969 0.4323718845844269
10 0.2705976366996765 0.39241448044776917 0.39324015378952026 0.470746248960495
10 0.659328281879425 0.8330140113830566 0.48730748891830444 0.33397194743156433
10 0.8002380132675171 0.9577394723892212 0.39952394366264343 0.0845210924744606
10 0.41629114747047424 0.6936287879943848 0.43982645869255066 0.528624415397644
10 0.16529257595539093 0.8400779366493225 0.33058515191078186 0.31984415650367737
10 0.3349800705909729 0.9539111256599426 0.3473881185054779 0.09217777103185654
10 0.0594698041677475 0.7343430519104004 0.118939608335495 0.48333555459976196
10 0.6491801142692566 0.16017448902130127 0.29335206747055054 0.32034897804260254
10 0.855292022228241 0.39430367946624756 0.27405044436454773 0.3293854594230652
10 0.464326411485672 0.31817328929901123 0.24503473937511444 0.29431959986686707
10 0.07439383864402771 0.5096182823181152 0.14878767728805542 0.23324161767959595
10 0.18107250332832336 0.6660839915275574 0.18683136999607086 0.22340358793735504
10 0.919612467288971 0.8584874272346497 0.1607750952243805 0.2830251157283783
10 0.7858749032020569 0.8024623990058899 0.22114358842372894 0.264057993888855
10 0.5480020642280579 0.08195776492357254 0.19919784367084503 0.16391552984714508
