10 0.5340752005577087 0.3654477000236511 0.1891041249036789 0.27321532368659973
10 0.5926342010498047 0.2729305028915405 0.1976625621318817 0.2910192608833313
10 0.6622060537338257 0.16160902380943298 0.1913571059703827 0.2827189862728119
10 0.7210026383399963 0.0982808917760849 0.17689217627048492 0.1965617835521698
10 0.7659251689910889 0.064847432076931 0.18792858719825745 0.129694864153862
10 0.8262754678726196 0.025345109403133392 0.208592027425766 0.050690218806266785
10 0.5019162893295288 0.3940482437610626 0.19713334739208221 0.28914764523506165
10 0.5711963176727295 0.2834499478340149 0.2092985361814499 0.3068379759788513
10 0.6187205910682678 0.20348435640335083 0.20423123240470886 0.29898902773857117
10 0.6815580129623413 0.1223241314291954 0.19336308538913727 0.2446482628583908
10 0.7376428246498108 0.07344531267881393 0.18451976776123047 0.14689062535762787
10 0.4190370738506317 0.5238974690437317 0.19635699689388275 0.28939810395240784
10 0.2642959654331207 0.7455007433891296 0.1980549842119217 0.2843515872955322
10 0.331609308719635 0.6404010653495789 0.20531624555587769 0.3016863465309143
10 0.39333274960517883 0.5400093197822571 0.21358799934387207 0.3131991922855377
10 0.4642152786254883 0.42680832743644714 0.21745425462722778 0.31859612464904785
10 0.5259007811546326 0.32600077986717224 0.22367604076862335 0.3288607895374298
10 0.5933944582939148 0.2175750881433487 0.2119292914867401 0.31041082739830017
10 0.18184052407741547 0.8549218773841858 0.18807537853717804 0.2796322703361511
10 0.2505433261394501 0.7448674440383911 0.18843545019626617 0.276112824678421
10 0.31505247950553894 0.6400123238563538 0.18860319256782532 0.2778637111186981
10 0.3777446448802948 0.5385136604309082 0.19164200127124786 0.2827398478984833
10 0.4498017728328705 0.4232655167579651 0.20259277522563934 0.29797881841659546
10 0.4932590126991272 0.35317304730415344 0.15003907680511475 0.21366703510284424
