10 0.6475227475166321 0.6849150657653809 0.2969025671482086 0.3274734616279602
10 0.6746066808700562 0.4507169723510742 0.3089517652988434 0.3241178095340729
10 0.8159328103065491 0.23700271546840668 0.35649529099464417 0.3449331521987915
10 0.5436987280845642 0.18794143199920654 0.35485145449638367 0.3758828639984131
10 0.31594112515449524 0.37955620884895325 0.189501091837883 0.27347710728645325
10 0.4488009810447693 0.5209739208221436 0.29126083850860596 0.3181861340999603
10 0.3503025472164154 0.6884494423866272 0.29889026284217834 0.29385051131248474
10 0.8416650295257568 0.7956763505935669 0.28516238927841187 0.29866018891334534
10 0.9516739249229431 0.6448238492012024 0.09665220975875854 0.36640793085098267
10 0.8801479339599609 0.5580944418907166 0.22103755176067352 0.2479131817817688
10 0.8953298926353455 0.4451955258846283 0.2093401998281479 0.29771479964256287
10 0.4709552526473999 0.04829079657793045 0.18340864777565002 0.0965815931558609
10 0.70787513256073 0.8895219564437866 0.2231428325176239 0.18760423362255096
10 0.8964804410934448 0.9196022152900696 0.20703911781311035 0.16079550981521606
10 0.5116782784461975 0.8139516115188599 0.18463551998138428 0.16427123546600342
