16 0.208750 0.684161 0.125000 0.086223
16 0.286875 0.596532 0.113750 0.070291
16 0.367500 0.625117 0.100000 0.076851
16 0.291875 0.651828 0.128750 0.066542
16 0.178125 0.754920 0.106250 0.074039
16 0.278125 0.768510 0.123750 0.091846
16 0.321250 0.707591 0.130000 0.061856
16 0.413125 0.694470 0.111250 0.071228
16 0.448750 0.643861 0.110000 0.054358
16 0.521875 0.671040 0.116250 0.069353
16 0.236250 0.881443 0.112500 0.104030
16 0.321250 0.826617 0.122500 0.086223
16 0.480625 0.832240 0.151250 0.104967
16 0.385625 0.761481 0.106250 0.075914
16 0.479375 0.740394 0.108750 0.088097
16 0.584375 0.716495 0.111250 0.089035
16 0.132500 0.672446 0.092500 0.104030
16 0.325000 0.954077 0.135000 0.091846
16 0.590000 0.801312 0.100000 0.091846
16 0.408750 0.891284 0.135000 0.112465
16 0.671250 0.843486 0.107500 0.089972
16 0.578125 0.880037 0.128750 0.101218
16 0.485625 0.935333 0.141250 0.097470
