16 0.262500 0.295689 0.320000 0.235239
16 0.416875 0.470478 0.356250 0.264292
16 0.640000 0.583880 0.290000 0.232427
16 0.362500 0.677132 0.345000 0.242737
16 0.834375 0.805998 0.296250 0.322399
16 0.323750 0.875351 0.315000 0.224930
16 0.688125 0.100750 0.278750 0.199625
16 0.800625 0.216963 0.363750 0.235239
16 0.436875 0.160262 0.326250 0.228679
16 0.563750 0.355670 0.297500 0.237113
16 0.915000 0.472821 0.170000 0.289597
16 0.107500 0.157919 0.212500 0.225867
16 0.618750 0.809278 0.252500 0.267104
