16 0.359375 0.253983 0.241250 0.193065
16 0.554375 0.314902 0.248750 0.176195
16 0.303750 0.515464 0.367500 0.260544
16 0.668125 0.716495 0.303750 0.223993
16 0.886250 0.546392 0.227500 0.258669
16 0.553750 0.440956 0.270000 0.184630
16 0.224375 0.794283 0.296250 0.229616
16 0.660000 0.875351 0.332500 0.249297
16 0.774375 0.256326 0.201250 0.175258
16 0.426875 0.680412 0.283750 0.234302
16 0.884375 0.773664 0.231250 0.253983
16 0.592500 0.202905 0.217500 0.128397
16 0.757500 0.427835 0.250000 0.175258
