16 0.238125 0.470947 0.236250 0.173383
16 0.251250 0.653702 0.290000 0.208997
16 0.198125 0.244611 0.251250 0.176195
16 0.127500 0.372540 0.212500 0.150890
16 0.315625 0.861762 0.273750 0.222118
16 0.605000 0.412371 0.237500 0.172446
16 0.108750 0.872071 0.207500 0.210872
16 0.421875 0.224461 0.241250 0.182755
16 0.418750 0.388004 0.252500 0.151828
16 0.456250 0.557638 0.282500 0.198688
16 0.567500 0.792409 0.315000 0.252109
16 0.260625 0.121837 0.218750 0.148079
16 0.478125 0.088566 0.253750 0.175258
16 0.607500 0.217432 0.230000 0.193065
16 0.701250 0.078725 0.245000 0.146204
16 0.829375 0.185567 0.226250 0.189316
16 0.771250 0.324274 0.250000 0.136832
16 0.843750 0.461106 0.262500 0.189316
16 0.693125 0.592315 0.263750 0.217432
16 0.840000 0.799906 0.282500 0.225867
16 0.898750 0.633552 0.202500 0.200562
