13 0.23369565217391308 0.36413043478260876 0.13315217391304354 0.13247282608695654
13 0.3800951086956522 0.39741847826086957 0.11752717391304346 0.08899456521739131
13 0.5203804347826086 0.4150815217391305 0.125 0.1012228260869565
13 0.6419836956521738 0.4031929347826087 0.10326086956521738 0.07880434782608692
13 0.7595108695652174 0.3967391304347826 0.108695652173913 0.060461956521739114
13 0.9096467391304346 0.4140625 0.14402173913043476 0.10054347826086954
13 0.8671875 0.5706521739130435 0.18002717391304363 0.09035326086956523
13 0.7700407608695652 0.6124320652173914 0.15421195652173916 0.07472826086956523
13 0.7690217391304348 0.7024456521739131 0.2173913043478259 0.09850543478260869
13 0.7992527173913044 0.8226902173913043 0.12160326086956533 0.07812500000000018
13 0.6182065217391304 0.8050271739130436 0.10054347826086954 0.05095108695652186
13 0.4568614130434783 0.7883831521739131 0.17459239130434784 0.0733695652173914
13 0.42663043478260876 0.6963315217391305 0.12907608695652178 0.048233695652173926
13 0.4942255434782609 0.625 0.11888586956521738 0.06317934782608692
13 0.6052989130434783 0.5105298913043479 0.15489130434782616 0.10054347826086954
13 0.43783967391304357 0.49252717391304346 0.12024456521739131 0.037364130434782615
13 0.4714673913043478 0.5506114130434783 0.11277173913043477 0.05570652173913038
13 0.35224184782608703 0.6046195652173914 0.171875 0.06861413043478262
13 0.281929347826087 0.49252717391304357 0.16168478260869562 0.09578804347826084
13 0.2540760869565218 0.5692934782608695 0.1141304347826086 0.07133152173913046
13 0.117866847826087 0.48301630434782605 0.12296195652173907 0.08763586956521738
13 0.07167119565217397 0.5886548913043479 0.12024456521739131 0.08152173913043477
13 0.1776494565217392 0.6735733695652174 0.16372282608695654 0.0679347826086957
13 0.289741847826087 0.7231657608695652 0.10122282608695654 0.0883152173913044
