13 0.32948369565217395 0.5964673913043479 0.2133152173913043 0.3349184782608695
13 0.5336277173913043 0.5278532608695652 0.23165760869565216 0.35665760869565216
13 0.12533967391304354 0.5570652173913043 0.18138586956521738 0.4572010869565217
13 0.156929347826087 0.18750000000000006 0.2391304347826086 0.2860054347826086
13 0.4711277173913043 0.2265625 0.3444293478260868 0.36956521739130427
13 0.6817255434782609 0.17595108695652178 0.21807065217391292 0.2819293478260869
13 0.7387907608695651 0.4344429347826087 0.21535326086956513 0.404891304347826
13 0.929585597826087 0.3765033758717912 0.13770380434782617 0.2509687082653215
13 0.8874660326086957 0.7182138951484625 0.22194293478260868 0.371889746818664
13 0.5305706521739131 0.8186141304347826 0.40353260869565216 0.35122282608695665
