11 0.6722146739130436 0.42764945652173914 0.2955163043478263 0.2826086956521739
11 0.39504076086956524 0.6518342391304348 0.23709239130434784 0.5
11 0.7370923913043477 0.8780570652173912 0.35054347826086946 0.235054347826087
10 0.6552309782608696 0.1589673913043479 0.171875 0.20855978260869562
10 0.8189538043478259 0.17968750000000006 0.16236413043478254 0.3288043478260869
11 0.9211956521739129 0.05842391304347834 0.14266304347826092 0.11209239130434781
11 0.18410326086956527 0.19802989130434787 0.23641304347826084 0.3926630434782608
10 0.35801630434782616 0.07404891304347834 0.24048913043478262 0.13926630434782608
11 0.4120244565217391 0.3617527173913044 0.21942934782608683 0.1535326086956522
10 0.05944293478260876 0.6433423913043479 0.11345108695652173 0.30502717391304346
10 0.17051630434782616 0.7829483695652174 0.21603260869565216 0.4116847826086957
