13 0.24592391304347827 0.4514266304347826 0.24592391304347822 0.39402173913043476
13 0.07540760869565225 0.40658967391304357 0.14402173913043476 0.25135869565217395
13 0.10529891304347834 0.7360733695652174 0.20244565217391303 0.3546195652173913
13 0.4704483695652174 0.5183423913043479 0.21535326086956533 0.31182065217391297
13 0.30842391304347827 0.17527173913043484 0.20516304347826084 0.2873641304347826
13 0.5543478260869565 0.18716032608695657 0.2445652173913043 0.32201086956521735
13 0.8688858695652174 0.1694972826086957 0.2432065217391302 0.30027173913043476
13 0.671195652173913 0.6246603260869565 0.23641304347826092 0.4592391304347826
13 0.8600543478260869 0.5889945652173914 0.2758152173913044 0.5305706521739131
13 0.4348601910213533 0.8264945652173914 0.3316769037818369 0.3438858695652174
