13 0.06555706521739138 0.6005434782608695 0.1283967391304348 0.08627717391304346
13 0.16372282608695654 0.6667798913043479 0.17255434782608692 0.09239130434782608
13 0.2751358695652174 0.7540760869565217 0.12907608695652178 0.1351902173913045
13 0.43036684782608703 0.7017663043478259 0.12703804347826092 0.07676630434782608
13 0.45040760869565216 0.7948369565217391 0.1970108695652173 0.12432065217391308
13 0.618546195652174 0.8131793478260869 0.09714673913043477 0.07540760869565225
13 0.8091032608695652 0.8125 0.10869565217391317 0.07404891304347841
13 0.7615489130434783 0.7078804347826086 0.2105978260869567 0.11616847826086954
13 0.7839673913043479 0.6083559782608695 0.16711956521739113 0.11548913043478262
13 0.8777173913043479 0.5614809782608695 0.16576086956521746 0.10461956521739131
13 0.7435461956521741 0.4802989130434783 0.14877717391304346 0.09578804347826084
13 0.9048913043478259 0.41542119565217395 0.15896739130434803 0.10597826086956523
13 0.7483016304347826 0.4086277173913044 0.12975543478260887 0.057065217391304345
13 0.6348505434782609 0.39198369565217395 0.1039402173913043 0.07404891304347827
13 0.6012228260869564 0.5203804347826086 0.15896739130434784 0.09714673913043477
13 0.5207201086956521 0.4211956521739131 0.141983695652174 0.09442934782608696
13 0.38349184782608703 0.4072690217391305 0.11616847826086954 0.09239130434782603
13 0.43478260869565216 0.49082880434782605 0.13179347826086962 0.05027173913043477
13 0.47622282608695654 0.5519701086956521 0.11820652173913046 0.07608695652173907
13 0.5149456521739131 0.6372282608695652 0.14130434782608692 0.10801630434782608
13 0.35224184782608703 0.625 0.171875 0.1148097826086956
13 0.24592391304347833 0.5750679347826086 0.13451086956521738 0.05978260869565215
13 0.2775135869565218 0.509850543478261 0.15964673913043476 0.10461956521739131
13 0.24320652173913052 0.36752717391304346 0.1453804347826087 0.11888586956521734
13 0.12330163043478266 0.484375 0.125679347826087 0.109375
