12 0.3155570652173913 0.15828804347826092 0.171875 0.12567934782608692
12 0.4748641304347826 0.3447690217391305 0.14402173913043487 0.11548913043478262
12 0.6708559782608696 0.1705163043478261 0.140625 0.16915760869565213
12 0.6949728260869564 0.8033288043478262 0.19157608695652167 0.20108695652173916
12 0.7068614130434783 0.4459918478260869 0.14198369565217384 0.10461956521739131
13 0.2785326086956522 0.3967391304347826 0.20652173913043476 0.16508152173913043
13 0.32948369565217395 0.5366847826086957 0.2540760869565218 0.14470108695652178
13 0.31182065217391314 0.8220108695652174 0.28260869565217395 0.2085597826086957
13 0.544836956521739 0.6409646739130435 0.22282608695652167 0.1358695652173912
13 0.5543478260869564 0.5037364130434783 0.13451086956521738 0.1195652173913044
13 0.6796875 0.5628396739130436 0.22486413043478262 0.16168478260869562
13 0.8973165760869565 0.7724042882279487 0.202241847826087 0.163694446021115
13 0.8694633152173912 0.5864661924552429 0.2579483695652175 0.17904651534526855
13 0.859273097826087 0.4423054460603197 0.2783288043478261 0.17876850081629145
13 0.8118206521739131 0.2999320652173913 0.203804347826087 0.19429347826086957
13 0.8935801630434783 0.1662695150235392 0.20971467391304346 0.21772924743838265
13 0.6110733695652174 0.3135190217391305 0.19361413043478262 0.17663043478260865
13 0.4663722826086957 0.08593750000000007 0.2289402173913042 0.13043478260869565
13 0.5302309782608695 0.20040760869565225 0.16236413043478262 0.14605978260869562
