13 0.12228260869565219 0.571671195652174 0.20516304347826084 0.47961956521739124
13 0.32948369565217395 0.5988451086956522 0.22554347826086954 0.41983695652173925
13 0.553328804347826 0.8271059782608695 0.3485054347826086 0.3383152173913043
13 0.896297554347826 0.7319075277137921 0.20427989130434793 0.35579875107975834
13 0.7574728260869564 0.4548233695652174 0.202445652173913 0.38315217391304346
13 0.9419157608695652 0.3811141304347826 0.10665760869565233 0.23165760869565216
13 0.7038043478260869 0.17493206521739135 0.2119565217391302 0.2866847826086956
13 0.5370244565217391 0.5115489130434783 0.23301630434782616 0.3213315217391304
13 0.4470108695652174 0.20278532608695654 0.30027173913043487 0.3410326086956521
13 0.14979619565217392 0.17798913043478265 0.23165760869565216 0.2995923913043478
