13 0.09476902173913046 0.4014945652173913 0.17595108695652167 0.11888586956521738
13 0.13960597826086957 0.5641983695652174 0.17051630434782608 0.11141304347826093
13 0.23267663043478265 0.6069972826086956 0.16372282608695654 0.08423913043478262
13 0.23879076086956524 0.7000679347826086 0.21942934782608692 0.11141304347826084
13 0.5546875 0.7948369565217391 0.1976902173913045 0.10937500000000018
13 0.7143342391304348 0.7211277173913043 0.13111413043478262 0.08152173913043477
13 0.8400135869565217 0.6684782608695652 0.2072010869565216 0.08627717391304346
13 0.927547554347826 0.593630953906891 0.14177989130434804 0.10098473390073837
13 0.654891304347826 0.6015625 0.16440217391304338 0.0883152173913043
13 0.39673913043478265 0.5112092391304348 0.15217391304347822 0.07201086956521738
13 0.2571331521739131 0.4704483695652174 0.12432065217391308 0.10054347826086954
13 0.3597146739130435 0.39639945652173914 0.10801630434782608 0.09103260869565215
13 0.48573369565217395 0.41372282608695654 0.1358695652173914 0.08627717391304342
13 0.631453804347826 0.39504076086956524 0.1148097826086957 0.08423913043478262
13 0.7629076086956521 0.36311141304347827 0.13451086956521746 0.108695652173913
13 0.8967391304347826 0.4921875 0.13451086956521757 0.10190217391304354
13 0.5838994565217391 0.4904891304347826 0.11616847826086954 0.056385869565217385
13 0.514266304347826 0.6233016304347826 0.12092391304347813 0.0883152173913043
13 0.5332880434782609 0.541100543478261 0.10597826086956523 0.061141304347826074
13 0.5754076086956522 0.6976902173913043 0.10597826086956523 0.06589673913043477
13 0.39538043478260876 0.8383152173913043 0.11141304347826084 0.10801630434782608
13 0.20312500000000006 0.8165760869565217 0.14266304347826084 0.08220108695652177
13 0.3753396739130435 0.6012228260869564 0.13247282608695654 0.09171195652173916
