11 0.34001358695652173 0.40760869565217395 0.3308423913043478 0.3145380434782608
11 0.8209918478260869 0.14096467391304351 0.218070652173913 0.26630434782608686
11 0.6161684782608695 0.658288043478261 0.21059782608695646 0.45720108695652184
11 0.826086956521739 0.7951766304347826 0.22690217391304363 0.40489130434782616
11 0.9343410326086957 0.6470538094749794 0.1281929347826086 0.2975043580803936
10 0.20210597826086962 0.8997961956521741 0.22214673913043476 0.19429347826086954
10 0.18851902173913052 0.16915760869565222 0.1297554347826087 0.2832880434782608
10 0.3400135869565218 0.1616847826086957 0.1976902173913043 0.20176630434782608
10 0.6355298913043479 0.06555706521739138 0.19904891304347833 0.12364130434782608
11 0.0743885869565218 0.06317934782608703 0.14062499999999994 0.12160326086956519
11 0.15013586956521743 0.6005434782608695 0.139945652173913 0.26290760869565216
