11 0.6086956521739131 0.6389266304347826 0.24184782608695646 0.42255434782608703
11 0.33389945652173914 0.42527173913043476 0.35529891304347816 0.24932065217391303
11 0.8074048913043479 0.16576086956521743 0.20040760869565205 0.21127717391304346
11 0.7904211956521741 0.32676630434782605 0.19089673913043487 0.19089673913043473
11 0.950985054347826 0.16930075698757774 0.09490489130434802 0.1830308618012423
11 0.8288043478260869 0.791100543478261 0.21739130434782608 0.3953804347826087
11 0.3804347826086957 0.8787364130434782 0.24999999999999992 0.23505434782608692
11 0.07710597826086962 0.05774456521739137 0.14470108695652167 0.11209239130434781
11 0.1616847826086957 0.5985054347826086 0.15625 0.24388586956521738
10 0.35529891304347827 0.1542119565217392 0.16847826086956513 0.1759510869565217
10 0.1902173913043479 0.15319293478260873 0.15489130434782608 0.2554347826086956
10 0.6579483695652174 0.06317934782608703 0.2085597826086955 0.12296195652173911
10 0.2085597826086957 0.9048913043478262 0.21059782608695646 0.18546195652173908
10 0.9350203804347826 0.635123826581028 0.12683423913043476 0.29402482707509925
11 0.59375 0.3546195652173913 0.20108695652173925 0.15013586956521738
