13 0.29959239130434784 0.14877717391304351 0.16983695652173908 0.12975543478260865
13 0.4521059782608696 0.08016304347826095 0.22214673913043476 0.14334239130434784
13 0.6508152173913043 0.3254076086956522 0.17934782608695646 0.17051630434782608
13 0.37907608695652173 0.5360054347826086 0.2282608695652173 0.13383152173913046
13 0.2788722826086957 0.3817934782608696 0.22078804347826084 0.1691576086956522
13 0.3369565217391305 0.6674592391304348 0.20923913043478262 0.12364130434782608
13 0.5519701086956521 0.623641304347826 0.23029891304347833 0.12567934782608692
13 0.30264945652173914 0.8254076086956521 0.21807065217391308 0.15557065217391317
13 0.8529211956521741 0.5957880434782609 0.2085597826086958 0.16915760869565216
13 0.9173573369565217 0.7684758346273293 0.16216032608695663 0.15719623447204983
13 0.8783967391304348 0.45754076086956524 0.1671195652173913 0.15489130434782603
13 0.8247282608695652 0.30672554347826086 0.20108695652173916 0.19565217391304346
13 0.9190557065217391 0.18576521052425052 0.15876358695652187 0.11405759496154441
12 0.4728260869565217 0.35903532608695654 0.1915760869565216 0.17934782608695649
13 0.3777173913043478 0.25747282608695654 0.15624999999999992 0.15013586956521735
12 0.7041440217391304 0.4572010869565217 0.1460597826086957 0.12160326086956515
13 0.681046195652174 0.576766304347826 0.1922554347826086 0.1460597826086957
13 0.666100543478261 0.8094429347826086 0.24388586956521738 0.21059782608695654
