13 0.09714673913043485 0.42051630434782605 0.14673913043478262 0.10529891304347827
13 0.2727581521739131 0.4724864130434782 0.12160326086956523 0.07201086956521738
13 0.3987771739130435 0.515625 0.12228260869565225 0.0835597826086957
13 0.133491847826087 0.571671195652174 0.139266304347826 0.09375
13 0.23335597826086957 0.6253396739130436 0.124320652173913 0.09239130434782608
13 0.2486413043478261 0.7078804347826086 0.22282608695652178 0.11616847826086954
13 0.20006793478260873 0.8220108695652174 0.12296195652173916 0.0889945652173914
13 0.3977581521739131 0.8257472826086957 0.11888586956521738 0.06793478260869579
13 0.5441576086956521 0.7921195652173914 0.21603260869565216 0.12432065217391308
13 0.5115489130434783 0.6334918478260869 0.11820652173913046 0.09510869565217392
13 0.5838994565217391 0.6942934782608695 0.12160326086956523 0.08627717391304346
13 0.708899456521739 0.7309782608695652 0.13790760869565216 0.10529891304347823
13 0.8192934782608695 0.685461956521739 0.19429347826086962 0.11616847826086962
13 0.9251698369565217 0.5763758619682094 0.14653532608695663 0.10451802828424502
13 0.8766983695652172 0.4867527173913043 0.140625 0.1195652173913044
13 0.7686820652173912 0.3726222826086957 0.13111413043478254 0.12500000000000006
13 0.6294157608695652 0.4014945652173913 0.14741847826086954 0.10122282608695646
13 0.7150135869565217 0.5115489130434783 0.14198369565217384 0.13654891304347822
13 0.6593070652173914 0.615149456521739 0.15421195652173908 0.11684782608695654
13 0.5360054347826086 0.5587635869565217 0.11684782608695662 0.09374999999999992
13 0.5825407608695652 0.49864130434782616 0.11616847826086954 0.09850543478260869
13 0.5000000000000001 0.42629076086956524 0.17527173913043476 0.09510869565217388
13 0.3603940217391305 0.4093070652173913 0.09986413043478262 0.08016304347826089
13 0.24354619565217397 0.4103260869565218 0.14470108695652178 0.05638586956521743
