13 0.07336956521739135 0.180366847826087 0.12771739130434775 0.0978260869565217
13 0.17051630434782616 0.3006114130434783 0.16576086956521738 0.18206521739130435
13 0.36752717391304357 0.33865489130434784 0.12771739130434784 0.12771739130434784
13 0.13926630434782616 0.4616168478260869 0.15353260869565216 0.13315217391304346
13 0.1362092391304348 0.5910326086956521 0.20176630434782608 0.15964673913043476
13 0.10020380434782616 0.7955163043478262 0.17459239130434784 0.17866847826086962
13 0.45346467391304357 0.6399456521739131 0.2452445652173913 0.186820652173913
13 0.6273777173913043 0.5682744565217391 0.20720108695652167 0.20652173913043476
13 0.7387907608695652 0.4228940217391305 0.24252717391304363 0.16168478260869562
13 0.616508152173913 0.2612092391304348 0.1976902173913043 0.17527173913043476
13 0.5400815217391305 0.09884510869565225 0.2296195652173912 0.11277173913043477
13 0.6847826086956522 0.164741847826087 0.20652173913043476 0.15760869565217386
13 0.5580842391304348 0.7707201086956521 0.141983695652174 0.12771739130434795
13 0.7163722826086956 0.8264266304347826 0.24660326086956513 0.17255434782608708
12 0.3223505434782609 0.8029891304347826 0.22486413043478262 0.2235054347826087
12 0.2944972826086957 0.46127717391304357 0.14877717391304346 0.1148097826086956
12 0.5366847826086957 0.3566576086956522 0.14130434782608692 0.15692934782608697
12 0.3403532608695653 0.1908967391304348 0.15217391304347822 0.1460597826086956
