11 0.41134510869565216 0.5754076086956521 0.22894021739130438 0.3376358695652174
11 0.6623641304347826 0.4031929347826087 0.2663043478260869 0.2554347826086957
11 0.4181385869565217 0.3695652173913044 0.1813858695652173 0.16100543478260865
11 0.8505434782608695 0.5801630434782609 0.17119565217391317 0.2914402173913043
11 0.6409646739130435 0.8780570652173914 0.24796195652173908 0.2133152173913045
11 0.19531250000000006 0.1460597826086957 0.19769021739130438 0.22486413043478254
11 0.21535326086956524 0.32778532608695654 0.16032608695652167 0.21195652173913043
11 0.045176630434782664 0.1790081521739131 0.0835597826086956 0.21874999999999994
11 0.9272078804347826 0.05994909675443984 0.14245923913043476 0.10834928046540127
10 0.05774456521739137 0.6382472826086957 0.10733695652173911 0.2744565217391304
10 0.17968750000000006 0.7877038043478262 0.186820652173913 0.37635869565217395
10 0.8356676812874481 0.9025815217391304 0.19035710170533102 0.19171195652173906
