13 0.23301630434782616 0.4273097826086957 0.23777173913043476 0.3648097826086956
13 0.06521739130434792 0.38009510869565216 0.11005434782608696 0.2472826086956521
13 0.29211956521739135 0.16542119565217397 0.24184782608695654 0.2948369565217391
13 0.5506114130434783 0.1949728260869566 0.2588315217391305 0.38247282608695643
13 0.8580163043478262 0.17153532608695657 0.22146739130434775 0.31249999999999994
13 0.8637907608695652 0.5523097826086956 0.20584239130434775 0.47622282608695643
13 0.6837635869565217 0.5737092391304348 0.22486413043478262 0.3328804347826086
13 0.47622282608695654 0.5006793478260869 0.19972826086956524 0.3525815217391304
13 0.10937500000000007 0.7374320652173912 0.2065217391304348 0.3546195652173913
13 0.4633152173913043 0.8165760869565217 0.3328804347826087 0.3498641304347827
