15 0.440000 0.473013 0.564000 0.340330
15 0.327000 0.679910 0.338000 0.394303
15 0.758000 0.435532 0.264000 0.310345
15 0.381000 0.251124 0.390000 0.247376
15 0.128000 0.544978 0.232000 0.361319
15 0.261000 0.922039 0.518000 0.152924
15 0.784000 0.916042 0.432000 0.167916
15 0.859000 0.712144 0.282000 0.296852
15 0.503000 0.144678 0.290000 0.238381
15 0.118000 0.210645 0.224000 0.271364
15 0.901000 0.257121 0.198000 0.247376
15 0.886000 0.483508 0.228000 0.214393
15 0.695000 0.176162 0.302000 0.262369
