14 0.235648 0.265432 0.280556 0.200000
14 0.500463 0.265432 0.317593 0.175309
14 0.796296 0.311728 0.298148 0.211111
14 0.277778 0.657407 0.325926 0.188889
14 0.086574 0.483951 0.158333 0.375309
14 0.130556 0.146914 0.151852 0.269136
14 0.074537 0.825926 0.137963 0.348148
14 0.216667 0.446914 0.146296 0.283951
14 0.247222 0.847531 0.150000 0.304938
14 0.256481 0.107407 0.135185 0.192593
14 0.384259 0.470370 0.151852 0.279012
14 0.413426 0.817284 0.187963 0.348148
14 0.574074 0.821605 0.177778 0.356790
14 0.546759 0.496296 0.169444 0.316049
14 0.395370 0.138272 0.142593 0.254321
14 0.521759 0.114198 0.141667 0.208642
14 0.665741 0.142593 0.150000 0.277778
14 0.742130 0.817284 0.182407 0.365432
14 0.910648 0.824691 0.178704 0.350617
14 0.923611 0.151852 0.152778 0.291358
14 0.809259 0.138889 0.183333 0.275309
14 0.687037 0.492593 0.166667 0.333333
14 0.837963 0.512346 0.153704 0.318519
14 0.949537 0.470370 0.100926 0.355556
