14 0.396120 0.596425 0.308995 0.189087
14 0.360847 0.787865 0.308995 0.201787
14 0.571781 0.731421 0.261728 0.214017
14 0.205644 0.710842 0.229982 0.169567
14 0.437390 0.928975 0.275132 0.142051
14 0.627690 0.875000 0.249383 0.136171
14 0.218871 0.886877 0.271252 0.167921
14 0.792416 0.598071 0.235979 0.127469
14 0.868607 0.870179 0.244444 0.127940
14 0.339330 0.289511 0.225044 0.076199
14 0.243386 0.343485 0.198236 0.111242
14 0.420282 0.454492 0.160494 0.119238
14 0.647090 0.345014 0.178836 0.117592
14 0.414286 0.446849 0.131570 0.097366
14 0.624691 0.089605 0.129101 0.075259
