15 0.121875 0.200000 0.181250 0.366667
15 0.144531 0.670833 0.276562 0.191667
15 0.300781 0.225000 0.135937 0.400000
15 0.211719 0.454167 0.298438 0.252778
15 0.428906 0.234722 0.173437 0.391667
15 0.571094 0.216667 0.185938 0.400000
15 0.719531 0.229167 0.242188 0.425000
15 0.913281 0.265278 0.167187 0.452778
15 0.461719 0.612500 0.154688 0.386111
15 0.322656 0.615278 0.148438 0.352778
15 0.278906 0.877778 0.239063 0.233333
15 0.596094 0.712500 0.157812 0.469444
15 0.469531 0.873611 0.173437 0.252778
15 0.732812 0.769444 0.162500 0.333333
15 0.873437 0.750000 0.190625 0.444444
