15 0.253241 0.594093 0.275000 0.304945
15 0.256481 0.121909 0.277778 0.186126
15 0.617130 0.261332 0.321296 0.249313
15 0.851389 0.199863 0.252778 0.197802
15 0.487963 0.574519 0.331481 0.194368
15 0.492593 0.729396 0.362963 0.204670
15 0.718519 0.841690 0.257407 0.219093
15 0.887963 0.470810 0.224074 0.201236
15 0.756019 0.334478 0.213889 0.199176
15 0.874074 0.793613 0.251852 0.216346
14 0.278241 0.876717 0.293519 0.246566
14 0.675463 0.110577 0.417593 0.153846
14 0.449537 0.413805 0.386111 0.153159
14 0.737037 0.575893 0.222222 0.309753
14 0.249537 0.320742 0.278704 0.226648
14 0.399537 0.236607 0.162037 0.223214
