14 0.271729 0.580052 0.118652 0.377953
14 0.173096 0.517060 0.146973 0.356955
14 0.152588 0.275591 0.162598 0.187227
14 0.477295 0.716535 0.227051 0.215223
14 0.452637 0.252406 0.162109 0.219598
14 0.179443 0.755031 0.194824 0.262467
14 0.303223 0.238408 0.167969 0.153106
14 0.355713 0.351269 0.191895 0.172353
14 0.293213 0.865267 0.111816 0.269466
14 0.396729 0.860017 0.123535 0.279965
14 0.556152 0.870079 0.207031 0.238845
14 0.429688 0.483815 0.169922 0.187227
14 0.530518 0.425634 0.196777 0.188101
14 0.537109 0.566929 0.192383 0.157480
14 0.419189 0.061680 0.208496 0.121610
14 0.589355 0.169729 0.176758 0.166229
14 0.698730 0.324584 0.209961 0.225722
14 0.641113 0.681540 0.125977 0.213473
14 0.757080 0.796150 0.126465 0.306212
14 0.799072 0.605424 0.127441 0.220472
14 0.875977 0.553806 0.119141 0.332458
14 0.798340 0.118110 0.093750 0.232721
14 0.866943 0.193351 0.098145 0.285214
14 0.913086 0.780402 0.173828 0.190726
