15 0.666667 0.631250 0.287037 0.154167
15 0.293519 0.318333 0.175926 0.236667
15 0.168981 0.275000 0.187963 0.178333
15 0.154630 0.435833 0.238889 0.170000
15 0.289815 0.445417 0.216667 0.164167
15 0.552315 0.210833 0.208333 0.168333
15 0.635648 0.339167 0.186111 0.213333
15 0.187500 0.845417 0.141667 0.184167
15 0.145370 0.589167 0.216667 0.161667
15 0.309259 0.674583 0.161111 0.205833
15 0.452315 0.836250 0.128704 0.175833
15 0.344444 0.805000 0.162963 0.140000
15 0.440278 0.499167 0.141667 0.215000
15 0.595833 0.495833 0.215741 0.146667
15 0.862963 0.292083 0.229630 0.139167
15 0.757870 0.201250 0.239815 0.157500
15 0.851852 0.504167 0.148148 0.190000
15 0.625926 0.817500 0.205556 0.171667
15 0.759259 0.834583 0.161111 0.134167
15 0.647222 0.952083 0.255556 0.095833
15 0.940741 0.691667 0.109259 0.190000
15 0.845370 0.649167 0.103704 0.140000
15 0.266667 0.945417 0.162963 0.109167
15 0.402778 0.327917 0.127778 0.192500
