18 0.452344 0.447917 0.310937 0.291667
18 0.736719 0.442708 0.248438 0.310417
18 0.713281 0.252083 0.217188 0.333333
18 0.906250 0.217708 0.187500 0.235417
18 0.916406 0.432292 0.167187 0.239583
18 0.890625 0.696875 0.218750 0.347917
18 0.758594 0.869792 0.257812 0.235417
18 0.271875 0.344792 0.256250 0.297917
18 0.098437 0.200000 0.181250 0.187500
18 0.113281 0.494792 0.198437 0.293750
18 0.222656 0.870833 0.251563 0.254167
18 0.347656 0.701042 0.248438 0.256250
18 0.474219 0.905208 0.267188 0.189583
18 0.592187 0.665625 0.218750 0.318750
18 0.474219 0.251042 0.207813 0.231250
18 0.317969 0.126042 0.189062 0.185417
18 0.589063 0.105208 0.181250 0.193750
