18 0.426471 0.299510 0.264706 0.295098
18 0.714706 0.467647 0.273529 0.317647
18 0.797059 0.622059 0.308824 0.369608
18 0.877941 0.887745 0.241176 0.224510
18 0.494118 0.714706 0.355882 0.486275
18 0.327206 0.645098 0.263235 0.349020
18 0.411765 0.289706 0.267647 0.387255
18 0.593382 0.122059 0.266176 0.206863
18 0.761765 0.182843 0.232353 0.291176
18 0.122059 0.177941 0.208824 0.240196
18 0.162500 0.365686 0.257353 0.207843
18 0.100000 0.631373 0.176471 0.376471
18 0.098529 0.858824 0.170588 0.282353
18 0.063971 0.099020 0.125000 0.190196
18 0.391176 0.071569 0.208824 0.121569
18 0.934559 0.166667 0.130882 0.268627
