18 0.301192 0.316817 0.218852 0.525526
18 0.494583 0.307057 0.209101 0.530030
18 0.650596 0.315315 0.213434 0.522523
18 0.807692 0.296547 0.193933 0.518018
18 0.915493 0.614865 0.151679 0.232733
18 0.766522 0.645646 0.187432 0.258258
18 0.608884 0.692192 0.199350 0.264264
18 0.437161 0.707207 0.196100 0.294294
18 0.249187 0.599099 0.242687 0.492492
18 0.196100 0.858108 0.218852 0.283784
18 0.393283 0.914414 0.205850 0.171171
18 0.576923 0.908408 0.187432 0.183183
18 0.740520 0.885135 0.183099 0.229730
18 0.122969 0.218468 0.215601 0.391892
