18 0.607576 0.358065 0.127273 0.359140
18 0.889394 0.368817 0.221212 0.281720
18 0.893182 0.147312 0.107576 0.200000
18 0.790152 0.126882 0.101515 0.210753
18 0.701515 0.416129 0.103030 0.148387
18 0.521212 0.220430 0.154545 0.152688
18 0.530303 0.084946 0.087879 0.126882
18 0.418939 0.095699 0.128788 0.152688
18 0.435606 0.422581 0.162121 0.200000
18 0.288636 0.175269 0.116667 0.200000
18 0.212879 0.148387 0.122727 0.172043
18 0.251515 0.333333 0.136364 0.344086
18 0.150758 0.287097 0.116667 0.260215
18 0.075000 0.226882 0.107576 0.204301
18 0.176515 0.726882 0.101515 0.227957
