18 0.703125 0.654878 0.312500 0.436585
18 0.896875 0.808537 0.206250 0.382927
18 0.838281 0.320732 0.267188 0.226829
18 0.599219 0.380488 0.148438 0.243902
18 0.492188 0.606098 0.165625 0.221951
18 0.470313 0.275610 0.162500 0.541463
18 0.271094 0.569512 0.264062 0.173171
18 0.375781 0.667073 0.120313 0.168293
18 0.441406 0.790244 0.135937 0.195122
18 0.327344 0.882927 0.151562 0.170732
18 0.319531 0.737805 0.148438 0.168293
18 0.183594 0.336585 0.110937 0.341463
18 0.172656 0.596341 0.142187 0.139024
18 0.078906 0.519512 0.092188 0.302439
18 0.111719 0.690244 0.114062 0.112195
18 0.304688 0.182927 0.109375 0.141463
18 0.325781 0.268293 0.092188 0.102439
18 0.327344 0.391463 0.114062 0.158537
18 0.396875 0.206098 0.121875 0.158537
18 0.623437 0.921951 0.190625 0.146341
