18 0.366667 0.467857 0.490476 0.930952
18 0.773810 0.736905 0.266667 0.135714
18 0.804762 0.863095 0.171429 0.197619
18 0.938095 0.833333 0.123810 0.128571
18 0.941667 0.939286 0.116667 0.121429
18 0.827381 0.650000 0.164286 0.080952
18 0.673810 0.494048 0.100000 0.226190
18 0.770238 0.572619 0.130952 0.116667
18 0.552381 0.488095 0.114286 0.100000
18 0.083333 0.398810 0.109524 0.069048
18 0.186905 0.392857 0.135714 0.109524
18 0.060714 0.611905 0.102381 0.228571
18 0.067857 0.816667 0.126190 0.242857
18 0.172619 0.522619 0.126190 0.111905
18 0.152381 0.623810 0.119048 0.095238
