18 0.573958 0.327734 0.314583 0.139844
18 0.665104 0.448437 0.186458 0.150000
18 0.863542 0.569531 0.202083 0.159375
18 0.708854 0.571094 0.176042 0.129688
18 0.536458 0.594922 0.227083 0.161719
18 0.333333 0.603906 0.258333 0.125000
18 0.281250 0.445312 0.308333 0.170313
18 0.186979 0.330469 0.236458 0.125000
18 0.417187 0.242969 0.188542 0.118750
18 0.743750 0.261328 0.233333 0.124219
18 0.808854 0.172266 0.163542 0.111719
18 0.845833 0.082422 0.170833 0.117969
18 0.632812 0.072266 0.157292 0.075781
18 0.436458 0.096484 0.164583 0.110156
18 0.216667 0.076563 0.193750 0.129688
18 0.181250 0.130078 0.252083 0.075781
18 0.218750 0.211719 0.202083 0.081250
18 0.108854 0.546875 0.190625 0.150000
18 0.486458 0.451562 0.181250 0.134375
18 0.876563 0.367578 0.246875 0.144531
18 0.638021 0.158984 0.205208 0.130469
18 0.304167 0.837891 0.222917 0.269531
